stim_id,gameID,condition,trialNum,rt,startTime,time_elapsed,layout,width,height,boxes,start_position.x,start_position.y,attempt_nInputEvents,attempt_nMovesAttempted,attempt_nMoved,attempt_nPushed,attempt_nRestart,attempt_nUndo,level_name,collection_name
6790956f96019241f9c4f665,3940-a6a959f6-2dc0-43d7-9f8e-e5e5d3cfc436,difficult,1,10373,61526.699999999255,70233,"['######', '#  $.#', '#@ $.#', '#    #', '######']",6,5,"[{'x': 3, 'y': 2, 'state': '$'}, {'x': 3, 'y': 1, 'state': '$'}]",1,2,5,5,5,2,0,0,3,tutorial
6790956f96019241f9c4f665,3940-a6a959f6-2dc0-43d7-9f8e-e5e5d3cfc436,difficult,2,18494,72205.19999999925,89032,"['######', '#    #', '#*$ @#', '#. ###', '######']",6,5,"[{'x': 1, 'y': 2, 'state': '*'}, {'x': 2, 'y': 2, 'state': '$'}]",4,2,16,15,14,3,1,0,4,tutorial
6790956f96019241f9c4f665,3940-a6a959f6-2dc0-43d7-9f8e-e5e5d3cfc436,difficult,3,19762,91004.09999999963,109099,"['  #####', '  #.  #', '###   #', '# $*$ #', '#   ###', '#@ .#', '#####']",7,7,"[{'x': 2, 'y': 3, 'state': '$'}, {'x': 3, 'y': 3, 'state': '*'}, {'x': 4, 'y': 3, 'state': '$'}]",1,5,21,21,19,6,0,0,5,tutorial
6790956f96019241f9c4f664,4638-717aec54-5d36-49f1-8eee-4ed826fd21d6,difficult,1,81603,1224078.1000000238,1298195,"['######', '#  $.#', '#@ $.#', '#    #', '######']",6,5,"[{'x': 3, 'y': 2, 'state': '$'}, {'x': 3, 'y': 1, 'state': '$'}]",1,2,7,7,7,2,0,0,3,tutorial
6790956f96019241f9c4f664,4638-717aec54-5d36-49f1-8eee-4ed826fd21d6,difficult,2,42326,1306002.7000000477,1340836,"['######', '#    #', '#*$ @#', '#. ###', '######']",6,5,"[{'x': 1, 'y': 2, 'state': '*'}, {'x': 2, 'y': 2, 'state': '$'}]",4,2,15,13,12,3,0,2,4,tutorial
6790956f96019241f9c4f664,4638-717aec54-5d36-49f1-8eee-4ed826fd21d6,difficult,3,31767,1348642.6000000238,1372919,"['  #####', '  #.  #', '###   #', '# $*$ #', '#   ###', '#@ .#', '#####']",7,7,"[{'x': 2, 'y': 3, 'state': '$'}, {'x': 3, 'y': 3, 'state': '*'}, {'x': 4, 'y': 3, 'state': '$'}]",1,5,18,18,17,6,0,0,5,tutorial
6790956f96019241f9c4f666,7209-f522767f-26aa-4a22-b50a-17f64304a083,difficult,1,17146,57839.299999952316,71757,"['######', '#  $.#', '#@ $.#', '#    #', '######']",6,5,"[{'x': 3, 'y': 2, 'state': '$'}, {'x': 3, 'y': 1, 'state': '$'}]",1,2,5,5,5,2,0,0,3,tutorial
6790956f96019241f9c4f666,7209-f522767f-26aa-4a22-b50a-17f64304a083,difficult,2,11670,75296.09999996424,83732,"['######', '#    #', '#*$ @#', '#. ###', '######']",6,5,"[{'x': 1, 'y': 2, 'state': '*'}, {'x': 2, 'y': 2, 'state': '$'}]",4,2,10,10,10,2,0,0,4,tutorial
6790956f96019241f9c4f667,6110-7c3fd621-28f8-4d65-b650-9c8fcc6290c8,difficult,1,12758,87739.5,96188,"['######', '#  $.#', '#@ $.#', '#    #', '######']",6,5,"[{'x': 3, 'y': 2, 'state': '$'}, {'x': 3, 'y': 1, 'state': '$'}]",1,2,5,5,5,2,0,0,3,tutorial
6790956f96019241f9c4f666,7209-f522767f-26aa-4a22-b50a-17f64304a083,difficult,3,21427,87272.39999997616,105473,"['  #####', '  #.  #', '###   #', '# $*$ #', '#   ###', '#@ .#', '#####']",7,7,"[{'x': 2, 'y': 3, 'state': '$'}, {'x': 3, 'y': 3, 'state': '*'}, {'x': 4, 'y': 3, 'state': '$'}]",1,5,21,21,21,6,0,0,5,tutorial
6790956f96019241f9c4f669,2839-a3cd9207-4f4c-4db0-a0db-5d16fa3e57ac,difficult,1,23452,78582.5,86510,"['######', '#  $.#', '#@ $.#', '#    #', '######']",6,5,"[{'x': 3, 'y': 2, 'state': '$'}, {'x': 3, 'y': 1, 'state': '$'}]",1,2,7,5,5,2,1,1,3,tutorial
6790956f96019241f9c4f667,6110-7c3fd621-28f8-4d65-b650-9c8fcc6290c8,difficult,2,10034,100809.69999998808,106537,"['######', '#    #', '#*$ @#', '#. ###', '######']",6,5,"[{'x': 1, 'y': 2, 'state': '*'}, {'x': 2, 'y': 2, 'state': '$'}]",4,2,10,10,10,2,0,0,4,tutorial
6790956f96019241f9c4f667,6110-7c3fd621-28f8-4d65-b650-9c8fcc6290c8,difficult,3,17608,111157.30000001192,124452,"['  #####', '  #.  #', '###   #', '# $*$ #', '#   ###', '#@ .#', '#####']",7,7,"[{'x': 2, 'y': 3, 'state': '$'}, {'x': 3, 'y': 3, 'state': '*'}, {'x': 4, 'y': 3, 'state': '$'}]",1,5,18,18,17,6,0,0,5,tutorial
6790956f96019241f9c4f669,2839-a3cd9207-4f4c-4db0-a0db-5d16fa3e57ac,difficult,2,28752,102354.0,115571,"['######', '#    #', '#*$ @#', '#. ###', '######']",6,5,"[{'x': 1, 'y': 2, 'state': '*'}, {'x': 2, 'y': 2, 'state': '$'}]",4,2,20,19,16,3,1,0,4,tutorial
6790956f96019241f9c4f668,0047-f873669a-075a-4f22-80d2-c33cd8217451,difficult,1,19597,117104.0,131174,"['######', '#  $.#', '#@ $.#', '#    #', '######']",6,5,"[{'x': 3, 'y': 2, 'state': '$'}, {'x': 3, 'y': 1, 'state': '$'}]",1,2,5,5,5,2,0,0,3,tutorial
6790956f96019241f9c4f66c,4733-c6a6e973-18d8-4b07-9e81-737cf6b3fe7b,difficult,1,8355,59028.5,51503,"['######', '#  $.#', '#@ $.#', '#    #', '######']",6,5,"[{'x': 3, 'y': 2, 'state': '$'}, {'x': 3, 'y': 1, 'state': '$'}]",1,2,5,5,5,2,0,0,3,tutorial
6790956f96019241f9c4f66c,4733-c6a6e973-18d8-4b07-9e81-737cf6b3fe7b,difficult,2,16920,67689.79999999981,68729,"['######', '#    #', '#*$ @#', '#. ###', '######']",6,5,"[{'x': 1, 'y': 2, 'state': '*'}, {'x': 2, 'y': 2, 'state': '$'}]",4,2,18,15,13,3,0,3,4,tutorial
6790956f96019241f9c4f668,0047-f873669a-075a-4f22-80d2-c33cd8217451,difficult,2,34068,137009.2999999998,165546,"['######', '#    #', '#*$ @#', '#. ###', '######']",6,5,"[{'x': 1, 'y': 2, 'state': '*'}, {'x': 2, 'y': 2, 'state': '$'}]",4,2,16,15,15,3,1,0,4,tutorial
6790956f96019241f9c4f66c,4733-c6a6e973-18d8-4b07-9e81-737cf6b3fe7b,difficult,3,20921,84916.79999999981,89957,"['  #####', '  #.  #', '###   #', '# $*$ #', '#   ###', '#@ .#', '#####']",7,7,"[{'x': 2, 'y': 3, 'state': '$'}, {'x': 3, 'y': 3, 'state': '*'}, {'x': 4, 'y': 3, 'state': '$'}]",1,5,35,32,30,7,0,3,5,tutorial
6790956f96019241f9c4f668,0047-f873669a-075a-4f22-80d2-c33cd8217451,difficult,3,26471,171381.8999999999,192327,"['  #####', '  #.  #', '###   #', '# $*$ #', '#   ###', '#@ .#', '#####']",7,7,"[{'x': 2, 'y': 3, 'state': '$'}, {'x': 3, 'y': 3, 'state': '*'}, {'x': 4, 'y': 3, 'state': '$'}]",1,5,17,17,17,6,0,0,5,tutorial
6790956f96019241f9c4f669,2839-a3cd9207-4f4c-4db0-a0db-5d16fa3e57ac,difficult,3,96450,131417.5,212327,"['  #####', '  #.  #', '###   #', '# $*$ #', '#   ###', '#@ .#', '#####']",7,7,"[{'x': 2, 'y': 3, 'state': '$'}, {'x': 3, 'y': 3, 'state': '*'}, {'x': 4, 'y': 3, 'state': '$'}]",1,5,51,48,47,14,3,0,5,tutorial
6790956f96019241f9c4f66b,9390-86c56e18-f87b-46d4-9a5e-f44e363d8f6c,difficult,1,17054,193948.40000000596,201793,"['######', '#  $.#', '#@ $.#', '#    #', '######']",6,5,"[{'x': 3, 'y': 2, 'state': '$'}, {'x': 3, 'y': 1, 'state': '$'}]",1,2,5,5,5,2,0,0,3,tutorial
6790956f96019241f9c4f66b,9390-86c56e18-f87b-46d4-9a5e-f44e363d8f6c,difficult,2,25935,211315.19999998808,228039,"['######', '#    #', '#*$ @#', '#. ###', '######']",6,5,"[{'x': 1, 'y': 2, 'state': '*'}, {'x': 2, 'y': 2, 'state': '$'}]",4,2,12,12,12,2,0,0,4,tutorial
6790956f96019241f9c4f66b,9390-86c56e18-f87b-46d4-9a5e-f44e363d8f6c,difficult,3,78081,237560.69999998808,306438,"['  #####', '  #.  #', '###   #', '# $*$ #', '#   ###', '#@ .#', '#####']",7,7,"[{'x': 2, 'y': 3, 'state': '$'}, {'x': 3, 'y': 3, 'state': '*'}, {'x': 4, 'y': 3, 'state': '$'}]",1,5,17,17,17,6,0,0,5,tutorial
6790956f96019241f9c4f66a,4874-8b3ae495-d2ac-48be-9f34-6a6c65fb844f,difficult,1,22885,361276.10000002384,377826,"['######', '#  $.#', '#@ $.#', '#    #', '######']",6,5,"[{'x': 3, 'y': 2, 'state': '$'}, {'x': 3, 'y': 1, 'state': '$'}]",1,2,9,9,8,2,0,0,3,tutorial
6790956f96019241f9c4f66a,4874-8b3ae495-d2ac-48be-9f34-6a6c65fb844f,difficult,2,10201,384471.90000009537,388332,"['######', '#    #', '#*$ @#', '#. ###', '######']",6,5,"[{'x': 1, 'y': 2, 'state': '*'}, {'x': 2, 'y': 2, 'state': '$'}]",4,2,10,10,10,2,0,0,4,tutorial
6790956f96019241f9c4f66a,4874-8b3ae495-d2ac-48be-9f34-6a6c65fb844f,difficult,3,17025,394975.90000009537,405668,"['  #####', '  #.  #', '###   #', '# $*$ #', '#   ###', '#@ .#', '#####']",7,7,"[{'x': 2, 'y': 3, 'state': '$'}, {'x': 3, 'y': 3, 'state': '*'}, {'x': 4, 'y': 3, 'state': '$'}]",1,5,17,17,17,6,0,0,5,tutorial
6790956f96019241f9c4f66e,8548-f432b403-c1b9-4c23-b610-38229bfe78ab,difficult,1,126970,534046.8999999911,654970,"['######', '#  $.#', '#@ $.#', '#    #', '######']",6,5,"[{'x': 3, 'y': 2, 'state': '$'}, {'x': 3, 'y': 1, 'state': '$'}]",1,2,7,6,6,2,1,0,3,tutorial
6790956f96019241f9c4f66e,8548-f432b403-c1b9-4c23-b610-38229bfe78ab,difficult,2,39499,661330.0,694779,"['######', '#    #', '#*$ @#', '#. ###', '######']",6,5,"[{'x': 1, 'y': 2, 'state': '*'}, {'x': 2, 'y': 2, 'state': '$'}]",4,2,14,12,12,3,0,2,4,tutorial
6790956f96019241f9c4f66e,8548-f432b403-c1b9-4c23-b610-38229bfe78ab,difficult,3,26939,701138.099999994,722023,"['  #####', '  #.  #', '###   #', '# $*$ #', '#   ###', '#@ .#', '#####']",7,7,"[{'x': 2, 'y': 3, 'state': '$'}, {'x': 3, 'y': 3, 'state': '*'}, {'x': 4, 'y': 3, 'state': '$'}]",1,5,18,18,17,6,0,0,5,tutorial
6790956f96019241f9c4f677,8941-a75295a1-0952-400a-98d3-689ad17d5fd6,enjoyable,1,13764,44977.300000190735,51744,"['######', '#  $.#', '#@ $.#', '#    #', '######']",6,5,"[{'x': 3, 'y': 2, 'state': '$'}, {'x': 3, 'y': 1, 'state': '$'}]",1,2,5,5,5,2,0,0,3,tutorial
6790956f96019241f9c4f66f,9875-77c31433-07e1-4aef-a4e5-043f15ecb034,difficult,1,27303,75595.09999999776,97323,"['######', '#  $.#', '#@ $.#', '#    #', '######']",6,5,"[{'x': 3, 'y': 2, 'state': '$'}, {'x': 3, 'y': 1, 'state': '$'}]",1,2,6,6,6,2,0,0,3,tutorial
6790956f96019241f9c4f677,8941-a75295a1-0952-400a-98d3-689ad17d5fd6,enjoyable,2,15573,59046.09999990463,67619,"['######', '#    #', '#*$ @#', '#. ###', '######']",6,5,"[{'x': 1, 'y': 2, 'state': '*'}, {'x': 2, 'y': 2, 'state': '$'}]",4,2,20,19,17,4,1,0,4,tutorial
6790956f96019241f9c4f675,0808-1234c64f-ccf4-46a1-bc6f-6827478f2d8e,difficult,1,15467,69559.5,79845,"['######', '#  $.#', '#@ $.#', '#    #', '######']",6,5,"[{'x': 3, 'y': 2, 'state': '$'}, {'x': 3, 'y': 1, 'state': '$'}]",1,2,5,5,5,2,0,0,3,tutorial
6790956f96019241f9c4f677,8941-a75295a1-0952-400a-98d3-689ad17d5fd6,enjoyable,3,11428,74920.59999990463,79355,"['  #####', '  #.  #', '###   #', '# $*$ #', '#   ###', '#@ .#', '#####']",7,7,"[{'x': 2, 'y': 3, 'state': '$'}, {'x': 3, 'y': 3, 'state': '*'}, {'x': 4, 'y': 3, 'state': '$'}]",1,5,17,17,17,6,0,0,5,tutorial
6790956f96019241f9c4f676,0209-82f8d7b1-7d8c-421b-becd-e2fc43eb28b8,difficult,1,11692,87003.09999999404,95681,"['######', '#  $.#', '#@ $.#', '#    #', '######']",6,5,"[{'x': 3, 'y': 2, 'state': '$'}, {'x': 3, 'y': 1, 'state': '$'}]",1,2,5,5,5,2,0,0,3,tutorial
6790956f96019241f9c4f66f,9875-77c31433-07e1-4aef-a4e5-043f15ecb034,difficult,2,29351,103209.19999999925,126983,"['######', '#    #', '#*$ @#', '#. ###', '######']",6,5,"[{'x': 1, 'y': 2, 'state': '*'}, {'x': 2, 'y': 2, 'state': '$'}]",4,2,10,10,10,2,0,0,4,tutorial
6790956f96019241f9c4f67f,8434-afec4833-f835-4abb-8008-d4d2a46783b0,enjoyable,1,17217,70932.0,82994,"['######', '#  $.#', '#@ $.#', '#    #', '######']",6,5,"[{'x': 3, 'y': 2, 'state': '$'}, {'x': 3, 'y': 1, 'state': '$'}]",1,2,5,5,5,2,0,0,3,tutorial
6790956f96019241f9c4f675,0808-1234c64f-ccf4-46a1-bc6f-6827478f2d8e,difficult,2,31056,85347.29999995232,111212,"['######', '#    #', '#*$ @#', '#. ###', '######']",6,5,"[{'x': 1, 'y': 2, 'state': '*'}, {'x': 2, 'y': 2, 'state': '$'}]",4,2,11,11,10,2,0,0,4,tutorial
6790956f96019241f9c4f674,6186-32e70ee4-7ac6-4d03-856c-c7e9ef8aba13,difficult,1,14026,124498.30000007153,122340,"['######', '#  $.#', '#@ $.#', '#    #', '######']",6,5,"[{'x': 3, 'y': 2, 'state': '$'}, {'x': 3, 'y': 1, 'state': '$'}]",1,2,5,5,5,2,0,0,3,tutorial
6790956f96019241f9c4f676,0209-82f8d7b1-7d8c-421b-becd-e2fc43eb28b8,difficult,2,16434,98998.19999998808,112418,"['######', '#    #', '#*$ @#', '#. ###', '######']",6,5,"[{'x': 1, 'y': 2, 'state': '*'}, {'x': 2, 'y': 2, 'state': '$'}]",4,2,10,10,10,2,0,0,4,tutorial
6790956f96019241f9c4f67f,8434-afec4833-f835-4abb-8008-d4d2a46783b0,enjoyable,2,18625,88458.0,101926,"['######', '#    #', '#*$ @#', '#. ###', '######']",6,5,"[{'x': 1, 'y': 2, 'state': '*'}, {'x': 2, 'y': 2, 'state': '$'}]",4,2,16,15,14,3,1,0,4,tutorial
6790956f96019241f9c4f674,6186-32e70ee4-7ac6-4d03-856c-c7e9ef8aba13,difficult,2,13844,138827.10000002384,136486,"['######', '#    #', '#*$ @#', '#. ###', '######']",6,5,"[{'x': 1, 'y': 2, 'state': '*'}, {'x': 2, 'y': 2, 'state': '$'}]",4,2,10,10,10,2,0,0,4,tutorial
6790956f96019241f9c4f663,4221-f8153973-98d6-43e5-9908-2a60cadfb458,difficult,1,27728,172493.89999997616,197890,"['######', '#  $.#', '#@ $.#', '#    #', '######']",6,5,"[{'x': 3, 'y': 2, 'state': '$'}, {'x': 3, 'y': 1, 'state': '$'}]",1,2,6,6,6,2,0,0,3,tutorial
6790956f96019241f9c4f67f,8434-afec4833-f835-4abb-8008-d4d2a46783b0,enjoyable,3,11530,107388.0,113761,"['  #####', '  #.  #', '###   #', '# $*$ #', '#   ###', '#@ .#', '#####']",7,7,"[{'x': 2, 'y': 3, 'state': '$'}, {'x': 3, 'y': 3, 'state': '*'}, {'x': 4, 'y': 3, 'state': '$'}]",1,5,19,19,19,6,0,0,5,tutorial
6790956f96019241f9c4f671,3398-8fd61e31-c1ca-4273-94c4-fcce5e1b8ca2,difficult,1,8994,156585.09999990463,162720,"['######', '#  $.#', '#@ $.#', '#    #', '######']",6,5,"[{'x': 3, 'y': 2, 'state': '$'}, {'x': 3, 'y': 1, 'state': '$'}]",1,2,5,5,5,2,0,0,3,tutorial
6790956f96019241f9c4f66f,9875-77c31433-07e1-4aef-a4e5-043f15ecb034,difficult,3,38586,132869.19999999925,165875,"['  #####', '  #.  #', '###   #', '# $*$ #', '#   ###', '#@ .#', '#####']",7,7,"[{'x': 2, 'y': 3, 'state': '$'}, {'x': 3, 'y': 3, 'state': '*'}, {'x': 4, 'y': 3, 'state': '$'}]",1,5,17,17,17,6,0,0,5,tutorial
6790956f96019241f9c4f676,0209-82f8d7b1-7d8c-421b-becd-e2fc43eb28b8,difficult,3,27910,115735.30000001192,140631,"['  #####', '  #.  #', '###   #', '# $*$ #', '#   ###', '#@ .#', '#####']",7,7,"[{'x': 2, 'y': 3, 'state': '$'}, {'x': 3, 'y': 3, 'state': '*'}, {'x': 4, 'y': 3, 'state': '$'}]",1,5,21,21,21,6,0,0,5,tutorial
6790956f96019241f9c4f671,3398-8fd61e31-c1ca-4273-94c4-fcce5e1b8ca2,difficult,2,9312,165885.59999990463,172339,"['######', '#    #', '#*$ @#', '#. ###', '######']",6,5,"[{'x': 1, 'y': 2, 'state': '*'}, {'x': 2, 'y': 2, 'state': '$'}]",4,2,10,10,10,2,0,0,4,tutorial
6790956f96019241f9c4f675,0808-1234c64f-ccf4-46a1-bc6f-6827478f2d8e,difficult,3,39168,116709.29999995232,150695,"['  #####', '  #.  #', '###   #', '# $*$ #', '#   ###', '#@ .#', '#####']",7,7,"[{'x': 2, 'y': 3, 'state': '$'}, {'x': 3, 'y': 3, 'state': '*'}, {'x': 4, 'y': 3, 'state': '$'}]",1,5,19,19,19,6,0,0,5,tutorial
6790956f96019241f9c4f680,5808-784eccb3-6c57-47b0-b644-b30e7354513c,enjoyable,1,23368,111832.5,112224,"['######', '#  $.#', '#@ $.#', '#    #', '######']",6,5,"[{'x': 3, 'y': 2, 'state': '$'}, {'x': 3, 'y': 1, 'state': '$'}]",1,2,6,5,5,2,0,1,3,tutorial
6790956f96019241f9c4f674,6186-32e70ee4-7ac6-4d03-856c-c7e9ef8aba13,difficult,3,23185,152973.60000002384,159973,"['  #####', '  #.  #', '###   #', '# $*$ #', '#   ###', '#@ .#', '#####']",7,7,"[{'x': 2, 'y': 3, 'state': '$'}, {'x': 3, 'y': 3, 'state': '*'}, {'x': 4, 'y': 3, 'state': '$'}]",1,5,17,17,17,6,0,0,5,tutorial
6790957096019241f9c4f689,9929-112c5ca1-1f34-42cb-b380-2ddd456ce48e,enjoyable,1,30836,15085.5,45759,"['######', '#  $.#', '#@ $.#', '#    #', '######']",6,5,"[{'x': 3, 'y': 2, 'state': '$'}, {'x': 3, 'y': 1, 'state': '$'}]",1,2,16,12,12,4,0,4,3,tutorial
6790956f96019241f9c4f671,3398-8fd61e31-c1ca-4273-94c4-fcce5e1b8ca2,difficult,3,14732,175504.5,187384,"['  #####', '  #.  #', '###   #', '# $*$ #', '#   ###', '#@ .#', '#####']",7,7,"[{'x': 2, 'y': 3, 'state': '$'}, {'x': 3, 'y': 3, 'state': '*'}, {'x': 4, 'y': 3, 'state': '$'}]",1,5,17,17,17,6,0,0,5,tutorial
6790957096019241f9c4f689,9929-112c5ca1-1f34-42cb-b380-2ddd456ce48e,enjoyable,2,12668,46223.10000000009,58740,"['######', '#    #', '#*$ @#', '#. ###', '######']",6,5,"[{'x': 1, 'y': 2, 'state': '*'}, {'x': 2, 'y': 2, 'state': '$'}]",4,2,10,10,10,2,0,0,4,tutorial
6790956f96019241f9c4f680,5808-784eccb3-6c57-47b0-b644-b30e7354513c,enjoyable,2,18213,135523.39999997616,130749,"['######', '#    #', '#*$ @#', '#. ###', '######']",6,5,"[{'x': 1, 'y': 2, 'state': '*'}, {'x': 2, 'y': 2, 'state': '$'}]",4,2,10,10,10,2,0,0,4,tutorial
6790956f96019241f9c4f663,4221-f8153973-98d6-43e5-9908-2a60cadfb458,difficult,2,36477,200533.29999995232,234679,"['######', '#    #', '#*$ @#', '#. ###', '######']",6,5,"[{'x': 1, 'y': 2, 'state': '*'}, {'x': 2, 'y': 2, 'state': '$'}]",4,2,16,15,11,2,0,1,4,tutorial
6790956f96019241f9c4f679,5158-d99f7eab-0aa9-4d14-be5b-5d7b30250881,enjoyable,1,12202,167515.90000000596,160754,"['######', '#  $.#', '#@ $.#', '#    #', '######']",6,5,"[{'x': 3, 'y': 2, 'state': '$'}, {'x': 3, 'y': 1, 'state': '$'}]",1,2,6,6,6,2,0,0,3,tutorial
6790957096019241f9c4f689,9929-112c5ca1-1f34-42cb-b380-2ddd456ce48e,enjoyable,3,9884,59203.5,68931,"['  #####', '  #.  #', '###   #', '# $*$ #', '#   ###', '#@ .#', '#####']",7,7,"[{'x': 2, 'y': 3, 'state': '$'}, {'x': 3, 'y': 3, 'state': '*'}, {'x': 4, 'y': 3, 'state': '$'}]",1,5,17,17,17,6,0,0,5,tutorial
6790956f96019241f9c4f679,5158-d99f7eab-0aa9-4d14-be5b-5d7b30250881,enjoyable,2,9564,180024.19999998808,170625,"['######', '#    #', '#*$ @#', '#. ###', '######']",6,5,"[{'x': 1, 'y': 2, 'state': '*'}, {'x': 2, 'y': 2, 'state': '$'}]",4,2,11,11,10,2,0,0,4,tutorial
6790956f96019241f9c4f673,8970-248ef224-45f0-409b-b3f9-00ecd37777f1,difficult,1,17238,186810.6000000015,192534,"['######', '#  $.#', '#@ $.#', '#    #', '######']",6,5,"[{'x': 3, 'y': 2, 'state': '$'}, {'x': 3, 'y': 1, 'state': '$'}]",1,2,6,6,6,2,0,0,3,tutorial
6790956f96019241f9c4f680,5808-784eccb3-6c57-47b0-b644-b30e7354513c,enjoyable,3,15377,154045.89999997616,146436,"['  #####', '  #.  #', '###   #', '# $*$ #', '#   ###', '#@ .#', '#####']",7,7,"[{'x': 2, 'y': 3, 'state': '$'}, {'x': 3, 'y': 3, 'state': '*'}, {'x': 4, 'y': 3, 'state': '$'}]",1,5,17,17,17,6,0,0,5,tutorial
6790956f96019241f9c4f679,5158-d99f7eab-0aa9-4d14-be5b-5d7b30250881,enjoyable,3,12021,189895.30000001192,182959,"['  #####', '  #.  #', '###   #', '# $*$ #', '#   ###', '#@ .#', '#####']",7,7,"[{'x': 2, 'y': 3, 'state': '$'}, {'x': 3, 'y': 3, 'state': '*'}, {'x': 4, 'y': 3, 'state': '$'}]",1,5,18,18,17,6,0,0,5,tutorial
6790956f96019241f9c4f673,8970-248ef224-45f0-409b-b3f9-00ecd37777f1,difficult,2,14292,204372.80000000075,207148,"['######', '#    #', '#*$ @#', '#. ###', '######']",6,5,"[{'x': 1, 'y': 2, 'state': '*'}, {'x': 2, 'y': 2, 'state': '$'}]",4,2,10,10,10,2,0,0,4,tutorial
6790956f96019241f9c4f663,4221-f8153973-98d6-43e5-9908-2a60cadfb458,difficult,3,30863,237320.10000002384,265846,"['  #####', '  #.  #', '###   #', '# $*$ #', '#   ###', '#@ .#', '#####']",7,7,"[{'x': 2, 'y': 3, 'state': '$'}, {'x': 3, 'y': 3, 'state': '*'}, {'x': 4, 'y': 3, 'state': '$'}]",1,5,17,17,17,6,0,0,5,tutorial
6790956f96019241f9c4f673,8970-248ef224-45f0-409b-b3f9-00ecd37777f1,difficult,3,34295,218985.20000000298,241764,"['  #####', '  #.  #', '###   #', '# $*$ #', '#   ###', '#@ .#', '#####']",7,7,"[{'x': 2, 'y': 3, 'state': '$'}, {'x': 3, 'y': 3, 'state': '*'}, {'x': 4, 'y': 3, 'state': '$'}]",1,5,17,17,17,6,0,0,5,tutorial
6790956f96019241f9c4f682,9700-3f1fa752-1627-427b-862c-3c37ccdd3eab,enjoyable,1,29270,164996.0,190885,"['######', '#  $.#', '#@ $.#', '#    #', '######']",6,5,"[{'x': 3, 'y': 2, 'state': '$'}, {'x': 3, 'y': 1, 'state': '$'}]",1,2,10,7,7,2,2,1,3,tutorial
6790956f96019241f9c4f67d,9452-adc2ff0b-2602-4162-a90b-ba6db4c203ce,enjoyable,1,18388,230509.0,232629,"['######', '#  $.#', '#@ $.#', '#    #', '######']",6,5,"[{'x': 3, 'y': 2, 'state': '$'}, {'x': 3, 'y': 1, 'state': '$'}]",1,2,5,5,5,2,0,0,3,tutorial
6790957096019241f9c4f68b,4896-b66aacea-64dd-49d3-a2ef-7ab7dcb4dd82,difficult,1,16281,110912.80000001192,109810,"['######', '#  $.#', '#@ $.#', '#    #', '######']",6,5,"[{'x': 3, 'y': 2, 'state': '$'}, {'x': 3, 'y': 1, 'state': '$'}]",1,2,6,6,6,2,0,0,3,tutorial
6790956f96019241f9c4f682,9700-3f1fa752-1627-427b-862c-3c37ccdd3eab,enjoyable,2,36657,194574.5,227848,"['######', '#    #', '#*$ @#', '#. ###', '######']",6,5,"[{'x': 1, 'y': 2, 'state': '*'}, {'x': 2, 'y': 2, 'state': '$'}]",4,2,37,27,22,5,1,9,4,tutorial
6790956f96019241f9c4f67a,1890-81ac7e3a-a990-4e12-b54c-67a3c95550bd,enjoyable,1,17751,248723.29999995232,259732,"['######', '#  $.#', '#@ $.#', '#    #', '######']",6,5,"[{'x': 3, 'y': 2, 'state': '$'}, {'x': 3, 'y': 1, 'state': '$'}]",1,2,5,5,5,2,0,0,3,tutorial
6790957096019241f9c4f687,8829-549a72ed-1db2-424f-ba1f-171c5a187085,enjoyable,1,48756,157446.29999998212,195873,"['######', '#  $.#', '#@ $.#', '#    #', '######']",6,5,"[{'x': 3, 'y': 2, 'state': '$'}, {'x': 3, 'y': 1, 'state': '$'}]",1,2,6,6,6,2,0,0,3,tutorial
6790956f96019241f9c4f67d,9452-adc2ff0b-2602-4162-a90b-ba6db4c203ce,enjoyable,2,28370,249209.0,261309,"['######', '#    #', '#*$ @#', '#. ###', '######']",6,5,"[{'x': 1, 'y': 2, 'state': '*'}, {'x': 2, 'y': 2, 'state': '$'}]",4,2,27,24,19,4,1,2,4,tutorial
6790956f96019241f9c4f67a,1890-81ac7e3a-a990-4e12-b54c-67a3c95550bd,enjoyable,2,21394,266784.5,281437,"['######', '#    #', '#*$ @#', '#. ###', '######']",6,5,"[{'x': 1, 'y': 2, 'state': '*'}, {'x': 2, 'y': 2, 'state': '$'}]",4,2,11,11,10,2,0,0,4,tutorial
6790957096019241f9c4f687,8829-549a72ed-1db2-424f-ba1f-171c5a187085,enjoyable,2,27847,206519.90000000596,224026,"['######', '#    #', '#*$ @#', '#. ###', '######']",6,5,"[{'x': 1, 'y': 2, 'state': '*'}, {'x': 2, 'y': 2, 'state': '$'}]",4,2,17,17,10,2,0,0,4,tutorial
6790957096019241f9c4f68c,4716-1b2723d0-ff1a-41ed-8ea9-bceb42bd14ce,difficult,1,16957,159226.19999992847,165005,"['######', '#  $.#', '#@ $.#', '#    #', '######']",6,5,"[{'x': 3, 'y': 2, 'state': '$'}, {'x': 3, 'y': 1, 'state': '$'}]",1,2,7,7,6,2,0,0,3,tutorial
6790956f96019241f9c4f67b,2084-41e72d09-9c7e-41da-b926-d925b54501e0,enjoyable,1,159491,160672.29999995232,309176,"['######', '#  $.#', '#@ $.#', '#    #', '######']",6,5,"[{'x': 3, 'y': 2, 'state': '$'}, {'x': 3, 'y': 1, 'state': '$'}]",1,2,29,22,15,5,4,3,3,tutorial
6790956f96019241f9c4f67d,9452-adc2ff0b-2602-4162-a90b-ba6db4c203ce,enjoyable,3,44079,277884.0,305694,"['  #####', '  #.  #', '###   #', '# $*$ #', '#   ###', '#@ .#', '#####']",7,7,"[{'x': 2, 'y': 3, 'state': '$'}, {'x': 3, 'y': 3, 'state': '*'}, {'x': 4, 'y': 3, 'state': '$'}]",1,5,43,37,35,8,0,6,5,tutorial
6790957096019241f9c4f68b,4896-b66aacea-64dd-49d3-a2ef-7ab7dcb4dd82,difficult,2,68067,127524.30000001192,178207,"['######', '#    #', '#*$ @#', '#. ###', '######']",6,5,"[{'x': 1, 'y': 2, 'state': '*'}, {'x': 2, 'y': 2, 'state': '$'}]",4,2,28,25,22,3,3,0,4,tutorial
6790957096019241f9c4f68c,4716-1b2723d0-ff1a-41ed-8ea9-bceb42bd14ce,difficult,2,19758,176503.29999995232,185084,"['######', '#    #', '#*$ @#', '#. ###', '######']",6,5,"[{'x': 1, 'y': 2, 'state': '*'}, {'x': 2, 'y': 2, 'state': '$'}]",4,2,13,13,10,2,0,0,4,tutorial
6790957096019241f9c4f687,8829-549a72ed-1db2-424f-ba1f-171c5a187085,enjoyable,3,33533,234673.69999998808,257878,"['  #####', '  #.  #', '###   #', '# $*$ #', '#   ###', '#@ .#', '#####']",7,7,"[{'x': 2, 'y': 3, 'state': '$'}, {'x': 3, 'y': 3, 'state': '*'}, {'x': 4, 'y': 3, 'state': '$'}]",1,5,18,18,17,6,0,0,5,tutorial
6790956f96019241f9c4f67a,1890-81ac7e3a-a990-4e12-b54c-67a3c95550bd,enjoyable,3,48231,288488.10000002384,329986,"['  #####', '  #.  #', '###   #', '# $*$ #', '#   ###', '#@ .#', '#####']",7,7,"[{'x': 2, 'y': 3, 'state': '$'}, {'x': 3, 'y': 3, 'state': '*'}, {'x': 4, 'y': 3, 'state': '$'}]",1,5,17,17,17,6,0,0,5,tutorial
6790957096019241f9c4f692,4320-9a92a33e-6a72-478a-9973-6d8da20dea70,difficult,1,34672,31684.20000000298,62011,"['######', '#  $.#', '#@ $.#', '#    #', '######']",6,5,"[{'x': 3, 'y': 2, 'state': '$'}, {'x': 3, 'y': 1, 'state': '$'}]",1,2,19,18,13,5,1,0,3,tutorial
6790956f96019241f9c4f67b,2084-41e72d09-9c7e-41da-b926-d925b54501e0,enjoyable,2,24366,320484.89999997616,333858,"['######', '#    #', '#*$ @#', '#. ###', '######']",6,5,"[{'x': 1, 'y': 2, 'state': '*'}, {'x': 2, 'y': 2, 'state': '$'}]",4,2,13,13,12,2,0,0,4,tutorial
6790956f96019241f9c4f682,9700-3f1fa752-1627-427b-862c-3c37ccdd3eab,enjoyable,3,83111,231535.5,311262,"['  #####', '  #.  #', '###   #', '# $*$ #', '#   ###', '#@ .#', '#####']",7,7,"[{'x': 2, 'y': 3, 'state': '$'}, {'x': 3, 'y': 3, 'state': '*'}, {'x': 4, 'y': 3, 'state': '$'}]",1,5,128,76,62,18,0,52,5,tutorial
6790957096019241f9c4f68c,4716-1b2723d0-ff1a-41ed-8ea9-bceb42bd14ce,difficult,3,16357,196582.39999997616,201763,"['  #####', '  #.  #', '###   #', '# $*$ #', '#   ###', '#@ .#', '#####']",7,7,"[{'x': 2, 'y': 3, 'state': '$'}, {'x': 3, 'y': 3, 'state': '*'}, {'x': 4, 'y': 3, 'state': '$'}]",1,5,17,17,17,6,0,0,5,tutorial
6790957096019241f9c4f692,4320-9a92a33e-6a72-478a-9973-6d8da20dea70,difficult,2,28143,66667.29999999702,90469,"['######', '#    #', '#*$ @#', '#. ###', '######']",6,5,"[{'x': 1, 'y': 2, 'state': '*'}, {'x': 2, 'y': 2, 'state': '$'}]",4,2,10,10,10,2,0,0,4,tutorial
6790957096019241f9c4f692,4320-9a92a33e-6a72-478a-9973-6d8da20dea70,difficult,3,26237,95125.0,117019,"['  #####', '  #.  #', '###   #', '# $*$ #', '#   ###', '#@ .#', '#####']",7,7,"[{'x': 2, 'y': 3, 'state': '$'}, {'x': 3, 'y': 3, 'state': '*'}, {'x': 4, 'y': 3, 'state': '$'}]",1,5,17,17,17,6,0,0,5,tutorial
6790957096019241f9c4f68b,4896-b66aacea-64dd-49d3-a2ef-7ab7dcb4dd82,difficult,3,112856,195905.60000002384,291379,"['  #####', '  #.  #', '###   #', '# $*$ #', '#   ###', '#@ .#', '#####']",7,7,"[{'x': 2, 'y': 3, 'state': '$'}, {'x': 3, 'y': 3, 'state': '*'}, {'x': 4, 'y': 3, 'state': '$'}]",1,5,88,86,72,14,2,0,5,tutorial
6790957096019241f9c4f695,5829-72ec2758-b054-405d-84af-93958e222f07,difficult,1,14291,21429.199999928474,29317,"['######', '#  $.#', '#@ $.#', '#    #', '######']",6,5,"[{'x': 3, 'y': 2, 'state': '$'}, {'x': 3, 'y': 1, 'state': '$'}]",1,2,8,8,7,2,0,0,3,tutorial
6790957096019241f9c4f695,5829-72ec2758-b054-405d-84af-93958e222f07,difficult,2,16700,36039.39999997616,46333,"['######', '#    #', '#*$ @#', '#. ###', '######']",6,5,"[{'x': 1, 'y': 2, 'state': '*'}, {'x': 2, 'y': 2, 'state': '$'}]",4,2,10,10,10,2,0,0,4,tutorial
6790957096019241f9c4f690,1642-61ad1944-5d43-48a6-a027-842ccbac7568,difficult,1,50150,241392.80000001192,277256,"['######', '#  $.#', '#@ $.#', '#    #', '######']",6,5,"[{'x': 3, 'y': 2, 'state': '$'}, {'x': 3, 'y': 1, 'state': '$'}]",1,2,10,10,5,2,0,0,3,tutorial
6790957096019241f9c4f68f,5653-dfcb6dfa-3014-4033-875d-85592e44c67c,difficult,1,22878,277125.0,296419,"['######', '#  $.#', '#@ $.#', '#    #', '######']",6,5,"[{'x': 3, 'y': 2, 'state': '$'}, {'x': 3, 'y': 1, 'state': '$'}]",1,2,6,6,5,2,0,0,3,tutorial
6790957096019241f9c4f693,8498-7e0986a7-3f38-4667-9b8d-ca68dbbbee16,difficult,1,12062,214835.30000007153,223325,"['######', '#  $.#', '#@ $.#', '#    #', '######']",6,5,"[{'x': 3, 'y': 2, 'state': '$'}, {'x': 3, 'y': 1, 'state': '$'}]",1,2,5,5,5,2,0,0,3,tutorial
6790957096019241f9c4f690,1642-61ad1944-5d43-48a6-a027-842ccbac7568,difficult,2,35078,291862.09999999404,312655,"['######', '#    #', '#*$ @#', '#. ###', '######']",6,5,"[{'x': 1, 'y': 2, 'state': '*'}, {'x': 2, 'y': 2, 'state': '$'}]",4,2,13,12,11,3,0,1,4,tutorial
6790957096019241f9c4f695,5829-72ec2758-b054-405d-84af-93958e222f07,difficult,3,52906,53056.699999928474,99553,"['  #####', '  #.  #', '###   #', '# $*$ #', '#   ###', '#@ .#', '#####']",7,7,"[{'x': 2, 'y': 3, 'state': '$'}, {'x': 3, 'y': 3, 'state': '*'}, {'x': 4, 'y': 3, 'state': '$'}]",1,5,22,22,19,6,0,0,5,tutorial
6790957096019241f9c4f68f,5653-dfcb6dfa-3014-4033-875d-85592e44c67c,difficult,2,40828,300318.0,337561,"['######', '#    #', '#*$ @#', '#. ###', '######']",6,5,"[{'x': 1, 'y': 2, 'state': '*'}, {'x': 2, 'y': 2, 'state': '$'}]",4,2,32,31,23,4,1,0,4,tutorial
6790957096019241f9c4f693,8498-7e0986a7-3f38-4667-9b8d-ca68dbbbee16,difficult,2,32975,227201.60000002384,256603,"['######', '#    #', '#*$ @#', '#. ###', '######']",6,5,"[{'x': 1, 'y': 2, 'state': '*'}, {'x': 2, 'y': 2, 'state': '$'}]",4,2,22,21,17,3,0,1,4,tutorial
6790957096019241f9c4f693,8498-7e0986a7-3f38-4667-9b8d-ca68dbbbee16,difficult,3,29137,260479.70000004768,286044,"['  #####', '  #.  #', '###   #', '# $*$ #', '#   ###', '#@ .#', '#####']",7,7,"[{'x': 2, 'y': 3, 'state': '$'}, {'x': 3, 'y': 3, 'state': '*'}, {'x': 4, 'y': 3, 'state': '$'}]",1,5,18,18,17,6,0,0,5,tutorial
6790957096019241f9c4f690,1642-61ad1944-5d43-48a6-a027-842ccbac7568,difficult,3,52788,327259.0,365765,"['  #####', '  #.  #', '###   #', '# $*$ #', '#   ###', '#@ .#', '#####']",7,7,"[{'x': 2, 'y': 3, 'state': '$'}, {'x': 3, 'y': 3, 'state': '*'}, {'x': 4, 'y': 3, 'state': '$'}]",1,5,17,17,17,6,0,0,5,tutorial
6790956f96019241f9c4f670,3592-7763f518-8340-496a-83e4-72958bed2b0a,difficult,1,20846,617817.5,635087,"['######', '#  $.#', '#@ $.#', '#    #', '######']",6,5,"[{'x': 3, 'y': 2, 'state': '$'}, {'x': 3, 'y': 1, 'state': '$'}]",1,2,6,6,6,2,0,0,3,tutorial
6790957096019241f9c4f68f,5653-dfcb6dfa-3014-4033-875d-85592e44c67c,difficult,3,62567,341459.7000000477,400439,"['  #####', '  #.  #', '###   #', '# $*$ #', '#   ###', '#@ .#', '#####']",7,7,"[{'x': 2, 'y': 3, 'state': '$'}, {'x': 3, 'y': 3, 'state': '*'}, {'x': 4, 'y': 3, 'state': '$'}]",1,5,66,64,57,14,2,0,5,tutorial
6790956f96019241f9c4f670,3592-7763f518-8340-496a-83e4-72958bed2b0a,difficult,2,17844,638970.5999999978,653236,"['######', '#    #', '#*$ @#', '#. ###', '######']",6,5,"[{'x': 1, 'y': 2, 'state': '*'}, {'x': 2, 'y': 2, 'state': '$'}]",4,2,10,10,10,2,0,0,4,tutorial
6790957096019241f9c4f694,1596-edd316b7-6662-437d-b77f-fe95f4e07675,difficult,1,28951,210499.39999985695,236102,"['######', '#  $.#', '#@ $.#', '#    #', '######']",6,5,"[{'x': 3, 'y': 2, 'state': '$'}, {'x': 3, 'y': 1, 'state': '$'}]",1,2,8,7,7,3,0,1,3,tutorial
6790957096019241f9c4f694,1596-edd316b7-6662-437d-b77f-fe95f4e07675,difficult,2,33233,239754.59999990463,269638,"['######', '#    #', '#*$ @#', '#. ###', '######']",6,5,"[{'x': 1, 'y': 2, 'state': '*'}, {'x': 2, 'y': 2, 'state': '$'}]",4,2,18,14,14,4,0,4,4,tutorial
6790956f96019241f9c4f670,3592-7763f518-8340-496a-83e4-72958bed2b0a,difficult,3,91929,657117.6999999993,745479,"['  #####', '  #.  #', '###   #', '# $*$ #', '#   ###', '#@ .#', '#####']",7,7,"[{'x': 2, 'y': 3, 'state': '$'}, {'x': 3, 'y': 3, 'state': '*'}, {'x': 4, 'y': 3, 'state': '$'}]",1,5,52,50,42,10,2,0,5,tutorial
6790957096019241f9c4f684,9330-ba53cf07-9a15-4ae5-931d-90e4b6d78589,enjoyable,1,134786,581188.900000006,693083,"['######', '#  $.#', '#@ $.#', '#    #', '######']",6,5,"[{'x': 3, 'y': 2, 'state': '$'}, {'x': 3, 'y': 1, 'state': '$'}]",1,2,45,32,25,4,0,13,3,tutorial
6790957096019241f9c4f694,1596-edd316b7-6662-437d-b77f-fe95f4e07675,difficult,3,84407,273291.2999999523,354347,"['  #####', '  #.  #', '###   #', '# $*$ #', '#   ###', '#@ .#', '#####']",7,7,"[{'x': 2, 'y': 3, 'state': '$'}, {'x': 3, 'y': 3, 'state': '*'}, {'x': 4, 'y': 3, 'state': '$'}]",1,5,46,33,30,7,0,13,5,tutorial
6790957096019241f9c4f684,9330-ba53cf07-9a15-4ae5-931d-90e4b6d78589,enjoyable,2,26396,716279.099999994,719784,"['######', '#    #', '#*$ @#', '#. ###', '######']",6,5,"[{'x': 1, 'y': 2, 'state': '*'}, {'x': 2, 'y': 2, 'state': '$'}]",4,2,12,12,10,2,0,0,4,tutorial
6790957096019241f9c4f684,9330-ba53cf07-9a15-4ae5-931d-90e4b6d78589,enjoyable,3,33357,742981.6999999881,753448,"['  #####', '  #.  #', '###   #', '# $*$ #', '#   ###', '#@ .#', '#####']",7,7,"[{'x': 2, 'y': 3, 'state': '$'}, {'x': 3, 'y': 3, 'state': '*'}, {'x': 4, 'y': 3, 'state': '$'}]",1,5,17,17,17,6,0,0,5,tutorial
6790957096019241f9c4f691,7096-1cf9f68d-8231-4466-ae2f-3b68f74a0aad,difficult,1,28704,1039588.3999999762,1061383,"['######', '#  $.#', '#@ $.#', '#    #', '######']",6,5,"[{'x': 3, 'y': 2, 'state': '$'}, {'x': 3, 'y': 1, 'state': '$'}]",1,2,5,5,5,2,0,0,3,tutorial
6790957096019241f9c4f691,7096-1cf9f68d-8231-4466-ae2f-3b68f74a0aad,difficult,2,16910,1068601.2000000477,1078607,"['######', '#    #', '#*$ @#', '#. ###', '######']",6,5,"[{'x': 1, 'y': 2, 'state': '*'}, {'x': 2, 'y': 2, 'state': '$'}]",4,2,10,10,10,2,0,0,4,tutorial
6790957096019241f9c4f691,7096-1cf9f68d-8231-4466-ae2f-3b68f74a0aad,difficult,3,33508,1085827.6000000238,1112434,"['  #####', '  #.  #', '###   #', '# $*$ #', '#   ###', '#@ .#', '#####']",7,7,"[{'x': 2, 'y': 3, 'state': '$'}, {'x': 3, 'y': 3, 'state': '*'}, {'x': 4, 'y': 3, 'state': '$'}]",1,5,17,17,17,6,0,0,5,tutorial
6790957096019241f9c4f69a,4091-dd377ff2-473f-452d-9abe-a2447b87041b,difficult,1,43247,76080.59999999404,105404,"['######', '#  $.#', '#@ $.#', '#    #', '######']",6,5,"[{'x': 3, 'y': 2, 'state': '$'}, {'x': 3, 'y': 1, 'state': '$'}]",1,2,6,6,5,2,0,0,3,tutorial
6790957096019241f9c4f69a,4091-dd377ff2-473f-452d-9abe-a2447b87041b,difficult,2,17062,119635.59999999404,122780,"['######', '#    #', '#*$ @#', '#. ###', '######']",6,5,"[{'x': 1, 'y': 2, 'state': '*'}, {'x': 2, 'y': 2, 'state': '$'}]",4,2,10,10,10,2,0,0,4,tutorial
6790957096019241f9c4f69a,4091-dd377ff2-473f-452d-9abe-a2447b87041b,difficult,3,23083,137011.19999998808,146179,"['  #####', '  #.  #', '###   #', '# $*$ #', '#   ###', '#@ .#', '#####']",7,7,"[{'x': 2, 'y': 3, 'state': '$'}, {'x': 3, 'y': 3, 'state': '*'}, {'x': 4, 'y': 3, 'state': '$'}]",1,5,21,21,19,6,0,0,5,tutorial
6790957096019241f9c4f699,7955-21954200-59ed-4583-8e48-182d58899121,difficult,1,1062669,290239.2999999821,1345937,"['######', '#  $.#', '#@ $.#', '#    #', '######']",6,5,"[{'x': 3, 'y': 2, 'state': '$'}, {'x': 3, 'y': 1, 'state': '$'}]",1,2,487,221,82,7,126,140,3,tutorial
6790957096019241f9c4f699,7955-21954200-59ed-4583-8e48-182d58899121,difficult,2,1794523,1353233.699999988,3140778,"['######', '#    #', '#*$ @#', '#. ###', '######']",6,5,"[{'x': 1, 'y': 2, 'state': '*'}, {'x': 2, 'y': 2, 'state': '$'}]",4,2,1225,412,213,26,366,447,4,tutorial
6790957096019241f9c4f699,7955-21954200-59ed-4583-8e48-182d58899121,difficult,3,484860,3148073.0,3625960,"['  #####', '  #.  #', '###   #', '# $*$ #', '#   ###', '#@ .#', '#####']",7,7,"[{'x': 2, 'y': 3, 'state': '$'}, {'x': 3, 'y': 3, 'state': '*'}, {'x': 4, 'y': 3, 'state': '$'}]",1,5,398,280,121,22,41,77,5,tutorial
6790957096019241f9c4f69c,1448-34a5ce1b-ff83-49f1-be14-374409a0736a,difficult,1,29826,184951.80000000447,210200,"['######', '#  $.#', '#@ $.#', '#    #', '######']",6,5,"[{'x': 3, 'y': 2, 'state': '$'}, {'x': 3, 'y': 1, 'state': '$'}]",1,2,8,8,5,2,0,0,3,tutorial
6790957096019241f9c4f69c,1448-34a5ce1b-ff83-49f1-be14-374409a0736a,difficult,2,88493,215084.80000000447,298999,"['######', '#    #', '#*$ @#', '#. ###', '######']",6,5,"[{'x': 1, 'y': 2, 'state': '*'}, {'x': 2, 'y': 2, 'state': '$'}]",4,2,30,23,19,4,0,7,4,tutorial
6790957096019241f9c4f69d,7424-35d570a4-ff0a-4a03-90f4-f092cdaaacd4,difficult,1,9512,302028.0,307871,"['######', '#  $.#', '#@ $.#', '#    #', '######']",6,5,"[{'x': 3, 'y': 2, 'state': '$'}, {'x': 3, 'y': 1, 'state': '$'}]",1,2,6,6,6,2,0,0,3,tutorial
6790957096019241f9c4f69d,7424-35d570a4-ff0a-4a03-90f4-f092cdaaacd4,difficult,2,10221,311849.6999999881,318395,"['######', '#    #', '#*$ @#', '#. ###', '######']",6,5,"[{'x': 1, 'y': 2, 'state': '*'}, {'x': 2, 'y': 2, 'state': '$'}]",4,2,10,10,10,2,0,0,4,tutorial
6790957096019241f9c4f69c,1448-34a5ce1b-ff83-49f1-be14-374409a0736a,difficult,3,34565,303881.6000000015,333869,"['  #####', '  #.  #', '###   #', '# $*$ #', '#   ###', '#@ .#', '#####']",7,7,"[{'x': 2, 'y': 3, 'state': '$'}, {'x': 3, 'y': 3, 'state': '*'}, {'x': 4, 'y': 3, 'state': '$'}]",1,5,17,17,17,6,0,0,5,tutorial
6790957096019241f9c4f69d,7424-35d570a4-ff0a-4a03-90f4-f092cdaaacd4,difficult,3,12339,322373.6999999881,331048,"['  #####', '  #.  #', '###   #', '# $*$ #', '#   ###', '#@ .#', '#####']",7,7,"[{'x': 2, 'y': 3, 'state': '$'}, {'x': 3, 'y': 3, 'state': '*'}, {'x': 4, 'y': 3, 'state': '$'}]",1,5,17,17,17,6,0,0,5,tutorial
6790957096019241f9c4f69e,0847-06f5c3fa-c904-4578-890e-c9f08089b4a2,difficult,1,66867,503737.7999999821,561314,"['######', '#  $.#', '#@ $.#', '#    #', '######']",6,5,"[{'x': 3, 'y': 2, 'state': '$'}, {'x': 3, 'y': 1, 'state': '$'}]",1,2,5,5,5,2,0,0,3,tutorial
6790957096019241f9c4f69e,0847-06f5c3fa-c904-4578-890e-c9f08089b4a2,difficult,2,26103,570917.599999994,587724,"['######', '#    #', '#*$ @#', '#. ###', '######']",6,5,"[{'x': 1, 'y': 2, 'state': '*'}, {'x': 2, 'y': 2, 'state': '$'}]",4,2,13,11,11,2,0,2,4,tutorial
6790957096019241f9c4f69e,0847-06f5c3fa-c904-4578-890e-c9f08089b4a2,difficult,3,46304,597324.5,634332,"['  #####', '  #.  #', '###   #', '# $*$ #', '#   ###', '#@ .#', '#####']",7,7,"[{'x': 2, 'y': 3, 'state': '$'}, {'x': 3, 'y': 3, 'state': '*'}, {'x': 4, 'y': 3, 'state': '$'}]",1,5,23,22,22,7,0,1,5,tutorial
6790957096019241f9c4f6a1,2674-76bec893-9fbd-48b7-828b-b9c9de86842c,enjoyable,1,8862,56734.39999961853,63583,"['######', '#  $.#', '#@ $.#', '#    #', '######']",6,5,"[{'x': 3, 'y': 2, 'state': '$'}, {'x': 3, 'y': 1, 'state': '$'}]",1,2,5,5,5,2,0,0,3,tutorial
6790957096019241f9c4f6a1,2674-76bec893-9fbd-48b7-828b-b9c9de86842c,enjoyable,2,36644,65903.5999994278,100532,"['######', '#    #', '#*$ @#', '#. ###', '######']",6,5,"[{'x': 1, 'y': 2, 'state': '*'}, {'x': 2, 'y': 2, 'state': '$'}]",4,2,34,32,27,6,2,0,4,tutorial
6790957196019241f9c4f6af,3417-e2d71d57-a14e-4886-a011-78e7d5243b0a,enjoyable,1,10925,48860.5,57207,"['######', '#  $.#', '#@ $.#', '#    #', '######']",6,5,"[{'x': 3, 'y': 2, 'state': '$'}, {'x': 3, 'y': 1, 'state': '$'}]",1,2,5,5,5,2,0,0,3,tutorial
6790957096019241f9c4f6ac,0073-f83ee842-19f5-465a-b573-e5e1ecff0e2f,enjoyable,1,18053,84752.20000001788,74361,"['######', '#  $.#', '#@ $.#', '#    #', '######']",6,5,"[{'x': 3, 'y': 2, 'state': '$'}, {'x': 3, 'y': 1, 'state': '$'}]",1,2,6,6,5,2,0,0,3,tutorial
6790957096019241f9c4f6a1,2674-76bec893-9fbd-48b7-828b-b9c9de86842c,enjoyable,3,30394,102852.79999923706,131231,"['  #####', '  #.  #', '###   #', '# $*$ #', '#   ###', '#@ .#', '#####']",7,7,"[{'x': 2, 'y': 3, 'state': '$'}, {'x': 3, 'y': 3, 'state': '*'}, {'x': 4, 'y': 3, 'state': '$'}]",1,5,18,18,17,6,0,0,5,tutorial
6790957196019241f9c4f6af,3417-e2d71d57-a14e-4886-a011-78e7d5243b0a,enjoyable,2,29404,60101.800000000745,86922,"['######', '#    #', '#*$ @#', '#. ###', '######']",6,5,"[{'x': 1, 'y': 2, 'state': '*'}, {'x': 2, 'y': 2, 'state': '$'}]",4,2,13,12,11,3,0,1,4,tutorial
6790957096019241f9c4f6ac,0073-f83ee842-19f5-465a-b573-e5e1ecff0e2f,enjoyable,2,33041,103109.90000000596,107707,"['######', '#    #', '#*$ @#', '#. ###', '######']",6,5,"[{'x': 1, 'y': 2, 'state': '*'}, {'x': 2, 'y': 2, 'state': '$'}]",4,2,18,14,14,3,0,4,4,tutorial
6790957196019241f9c4f6b1,2096-7b258598-c574-41c5-91e0-04017b003087,enjoyable,1,40878,54567.0,92010,"['######', '#  $.#', '#@ $.#', '#    #', '######']",6,5,"[{'x': 3, 'y': 2, 'state': '$'}, {'x': 3, 'y': 1, 'state': '$'}]",1,2,31,30,22,5,1,0,3,tutorial
6790957196019241f9c4f6af,3417-e2d71d57-a14e-4886-a011-78e7d5243b0a,enjoyable,3,19097,89817.09999999776,106336,"['  #####', '  #.  #', '###   #', '# $*$ #', '#   ###', '#@ .#', '#####']",7,7,"[{'x': 2, 'y': 3, 'state': '$'}, {'x': 3, 'y': 3, 'state': '*'}, {'x': 4, 'y': 3, 'state': '$'}]",1,5,17,17,17,6,0,0,5,tutorial
6790957096019241f9c4f6aa,7257-dc1e2b62-17ca-461f-855b-90b81c213649,enjoyable,1,25289,102162.79999995232,126959,"['######', '#  $.#', '#@ $.#', '#    #', '######']",6,5,"[{'x': 3, 'y': 2, 'state': '$'}, {'x': 3, 'y': 1, 'state': '$'}]",1,2,5,5,5,2,0,0,3,tutorial
6790957096019241f9c4f6a7,7311-a30685b7-505c-4139-9434-cff4b405d7c3,enjoyable,1,20403,123503.89999961853,141987,"['######', '#  $.#', '#@ $.#', '#    #', '######']",6,5,"[{'x': 3, 'y': 2, 'state': '$'}, {'x': 3, 'y': 1, 'state': '$'}]",1,2,5,5,5,2,0,0,3,tutorial
6790957196019241f9c4f6b2,2051-048c77d5-64d0-4bde-8506-8da401452696,enjoyable,1,45481,79773.0,110922,"['######', '#  $.#', '#@ $.#', '#    #', '######']",6,5,"[{'x': 3, 'y': 2, 'state': '$'}, {'x': 3, 'y': 1, 'state': '$'}]",1,2,32,23,17,5,1,8,3,tutorial
6790957196019241f9c4f6b0,1806-1198a39d-5416-459a-b5bf-d805efb81190,enjoyable,1,50839,79817.09999990463,127320,"['######', '#  $.#', '#@ $.#', '#    #', '######']",6,5,"[{'x': 3, 'y': 2, 'state': '$'}, {'x': 3, 'y': 1, 'state': '$'}]",1,2,12,9,6,2,2,1,3,tutorial
6790957096019241f9c4f6aa,7257-dc1e2b62-17ca-461f-855b-90b81c213649,enjoyable,2,22823,127764.79999995232,150085,"['######', '#    #', '#*$ @#', '#. ###', '######']",6,5,"[{'x': 1, 'y': 2, 'state': '*'}, {'x': 2, 'y': 2, 'state': '$'}]",4,2,10,10,10,2,0,0,4,tutorial
6790957196019241f9c4f6b2,2051-048c77d5-64d0-4bde-8506-8da401452696,enjoyable,2,16902,125560.09999999404,128129,"['######', '#    #', '#*$ @#', '#. ###', '######']",6,5,"[{'x': 1, 'y': 2, 'state': '*'}, {'x': 2, 'y': 2, 'state': '$'}]",4,2,10,10,10,2,0,0,4,tutorial
6790957096019241f9c4f6a3,7265-ac3cd1ef-b982-4f2e-af41-d56368ae6edf,enjoyable,1,24479,163094.0,182158,"['######', '#  $.#', '#@ $.#', '#    #', '######']",6,5,"[{'x': 3, 'y': 2, 'state': '$'}, {'x': 3, 'y': 1, 'state': '$'}]",1,2,5,5,5,2,0,0,3,tutorial
6790957096019241f9c4f6ac,0073-f83ee842-19f5-465a-b573-e5e1ecff0e2f,enjoyable,3,47083,136456.30000001192,155094,"['  #####', '  #.  #', '###   #', '# $*$ #', '#   ###', '#@ .#', '#####']",7,7,"[{'x': 2, 'y': 3, 'state': '$'}, {'x': 3, 'y': 3, 'state': '*'}, {'x': 4, 'y': 3, 'state': '$'}]",1,5,34,34,33,6,0,0,5,tutorial
6790957096019241f9c4f6a7,7311-a30685b7-505c-4139-9434-cff4b405d7c3,enjoyable,2,28641,144225.39999961853,170935,"['######', '#    #', '#*$ @#', '#. ###', '######']",6,5,"[{'x': 1, 'y': 2, 'state': '*'}, {'x': 2, 'y': 2, 'state': '$'}]",4,2,18,17,17,4,1,0,4,tutorial
6790957196019241f9c4f6b2,2051-048c77d5-64d0-4bde-8506-8da401452696,enjoyable,3,19321,142767.40000000596,147755,"['  #####', '  #.  #', '###   #', '# $*$ #', '#   ###', '#@ .#', '#####']",7,7,"[{'x': 2, 'y': 3, 'state': '$'}, {'x': 3, 'y': 3, 'state': '*'}, {'x': 4, 'y': 3, 'state': '$'}]",1,5,17,17,17,6,0,0,5,tutorial
6790957096019241f9c4f6aa,7257-dc1e2b62-17ca-461f-855b-90b81c213649,enjoyable,3,28017,150890.0,178420,"['  #####', '  #.  #', '###   #', '# $*$ #', '#   ###', '#@ .#', '#####']",7,7,"[{'x': 2, 'y': 3, 'state': '$'}, {'x': 3, 'y': 3, 'state': '*'}, {'x': 4, 'y': 3, 'state': '$'}]",1,5,18,18,17,6,0,0,5,tutorial
6790957096019241f9c4f6a6,0055-fdb3d639-30d2-43d6-a8b4-9c99d2c2e45e,enjoyable,1,14982,175592.5,187923,"['######', '#  $.#', '#@ $.#', '#    #', '######']",6,5,"[{'x': 3, 'y': 2, 'state': '$'}, {'x': 3, 'y': 1, 'state': '$'}]",1,2,5,5,5,2,0,0,3,tutorial
6790957096019241f9c4f6a3,7265-ac3cd1ef-b982-4f2e-af41-d56368ae6edf,enjoyable,2,19036,187886.0,201501,"['######', '#    #', '#*$ @#', '#. ###', '######']",6,5,"[{'x': 1, 'y': 2, 'state': '*'}, {'x': 2, 'y': 2, 'state': '$'}]",4,2,10,10,10,2,0,0,4,tutorial
6790957196019241f9c4f6b8,8979-8f4a79ba-d6e6-4849-8b51-4a6c8dd83e79,difficult,1,12342,128758.60000000149,137509,"['######', '#  $.#', '#@ $.#', '#    #', '######']",6,5,"[{'x': 3, 'y': 2, 'state': '$'}, {'x': 3, 'y': 1, 'state': '$'}]",1,2,5,5,5,2,0,0,3,tutorial
6790957096019241f9c4f6a0,0885-9d54908b-0065-4c7a-a372-20b29af57ac5,enjoyable,1,22800,210554.0,226920,"['######', '#  $.#', '#@ $.#', '#    #', '######']",6,5,"[{'x': 3, 'y': 2, 'state': '$'}, {'x': 3, 'y': 1, 'state': '$'}]",1,2,6,6,6,2,0,0,3,tutorial
6790957096019241f9c4f6a6,0055-fdb3d639-30d2-43d6-a8b4-9c99d2c2e45e,enjoyable,2,22081,190878.40000009537,210307,"['######', '#    #', '#*$ @#', '#. ###', '######']",6,5,"[{'x': 1, 'y': 2, 'state': '*'}, {'x': 2, 'y': 2, 'state': '$'}]",4,2,10,10,10,2,0,0,4,tutorial
6790957196019241f9c4f6b8,8979-8f4a79ba-d6e6-4849-8b51-4a6c8dd83e79,difficult,2,19942,141415.5,157765,"['######', '#    #', '#*$ @#', '#. ###', '######']",6,5,"[{'x': 1, 'y': 2, 'state': '*'}, {'x': 2, 'y': 2, 'state': '$'}]",4,2,10,10,10,2,0,0,4,tutorial
6790957196019241f9c4f6b0,1806-1198a39d-5416-459a-b5bf-d805efb81190,enjoyable,2,65074,130967.89999997616,192702,"['######', '#    #', '#*$ @#', '#. ###', '######']",6,5,"[{'x': 1, 'y': 2, 'state': '*'}, {'x': 2, 'y': 2, 'state': '$'}]",4,2,32,30,22,4,2,0,4,tutorial
6790957096019241f9c4f6a6,0055-fdb3d639-30d2-43d6-a8b4-9c99d2c2e45e,enjoyable,3,22727,213263.29999995232,233339,"['  #####', '  #.  #', '###   #', '# $*$ #', '#   ###', '#@ .#', '#####']",7,7,"[{'x': 2, 'y': 3, 'state': '$'}, {'x': 3, 'y': 3, 'state': '*'}, {'x': 4, 'y': 3, 'state': '$'}]",1,5,17,17,17,6,0,0,5,tutorial
6790957096019241f9c4f6a3,7265-ac3cd1ef-b982-4f2e-af41-d56368ae6edf,enjoyable,3,47464,207228.0,249239,"['  #####', '  #.  #', '###   #', '# $*$ #', '#   ###', '#@ .#', '#####']",7,7,"[{'x': 2, 'y': 3, 'state': '$'}, {'x': 3, 'y': 3, 'state': '*'}, {'x': 4, 'y': 3, 'state': '$'}]",1,5,17,17,17,6,0,0,5,tutorial
6790957096019241f9c4f6a7,7311-a30685b7-505c-4139-9434-cff4b405d7c3,enjoyable,3,69718,173174.19999980927,240970,"['  #####', '  #.  #', '###   #', '# $*$ #', '#   ###', '#@ .#', '#####']",7,7,"[{'x': 2, 'y': 3, 'state': '$'}, {'x': 3, 'y': 3, 'state': '*'}, {'x': 4, 'y': 3, 'state': '$'}]",1,5,52,51,43,8,1,0,5,tutorial
6790957096019241f9c4f6a0,0885-9d54908b-0065-4c7a-a372-20b29af57ac5,enjoyable,2,34761,233657.80000000075,261984,"['######', '#    #', '#*$ @#', '#. ###', '######']",6,5,"[{'x': 1, 'y': 2, 'state': '*'}, {'x': 2, 'y': 2, 'state': '$'}]",4,2,27,19,17,3,0,8,4,tutorial
6790957196019241f9c4f6b1,3368-10d99362-a076-4f79-937e-c720fdcbc414,enjoyable,1,13197,210761.69999998808,209049,"['######', '#  $.#', '#@ $.#', '#    #', '######']",6,5,"[{'x': 3, 'y': 2, 'state': '$'}, {'x': 3, 'y': 1, 'state': '$'}]",1,2,5,5,5,2,0,0,3,tutorial
6790957196019241f9c4f6b3,2334-f3ce26dc-d7b8-4b11-9de4-693467aabb5a,difficult,1,21148,189377.90000009537,209762,"['######', '#  $.#', '#@ $.#', '#    #', '######']",6,5,"[{'x': 3, 'y': 2, 'state': '$'}, {'x': 3, 'y': 1, 'state': '$'}]",1,2,6,6,5,2,0,0,3,tutorial
6790957196019241f9c4f6b8,8979-8f4a79ba-d6e6-4849-8b51-4a6c8dd83e79,difficult,3,35710,161670.79999999702,193777,"['  #####', '  #.  #', '###   #', '# $*$ #', '#   ###', '#@ .#', '#####']",7,7,"[{'x': 2, 'y': 3, 'state': '$'}, {'x': 3, 'y': 3, 'state': '*'}, {'x': 4, 'y': 3, 'state': '$'}]",1,5,52,49,47,11,1,2,5,tutorial
6790957096019241f9c4f6a9,6597-33a376ae-5d1a-49f3-905e-aa8bc37c24cd,enjoyable,1,75466,187491.39999997616,260791,"['######', '#  $.#', '#@ $.#', '#    #', '######']",6,5,"[{'x': 3, 'y': 2, 'state': '$'}, {'x': 3, 'y': 1, 'state': '$'}]",1,2,27,23,14,4,3,1,3,tutorial
6790957196019241f9c4f6b4,7300-26294324-fb0d-4605-beff-26d77f614899,difficult,1,38783,191979.30000007153,229482,"['######', '#  $.#', '#@ $.#', '#    #', '######']",6,5,"[{'x': 3, 'y': 2, 'state': '$'}, {'x': 3, 'y': 1, 'state': '$'}]",1,2,10,6,5,2,2,2,3,tutorial
6790957196019241f9c4f6b3,2334-f3ce26dc-d7b8-4b11-9de4-693467aabb5a,difficult,2,25800,210830.10000002384,235865,"['######', '#    #', '#*$ @#', '#. ###', '######']",6,5,"[{'x': 1, 'y': 2, 'state': '*'}, {'x': 2, 'y': 2, 'state': '$'}]",4,2,11,11,10,2,0,0,4,tutorial
6790957096019241f9c4f6a8,3923-9e1c2464-4cd8-4845-a0d6-2816d7461393,enjoyable,1,50522,230852.89999997616,275851,"['######', '#  $.#', '#@ $.#', '#    #', '######']",6,5,"[{'x': 3, 'y': 2, 'state': '$'}, {'x': 3, 'y': 1, 'state': '$'}]",1,2,8,6,5,2,2,0,3,tutorial
6790957196019241f9c4f6b1,3368-10d99362-a076-4f79-937e-c720fdcbc414,enjoyable,2,41783,224282.5,251150,"['######', '#    #', '#*$ @#', '#. ###', '######']",6,5,"[{'x': 1, 'y': 2, 'state': '*'}, {'x': 2, 'y': 2, 'state': '$'}]",4,2,11,11,10,2,0,0,4,tutorial
6790957096019241f9c4f6a0,0885-9d54908b-0065-4c7a-a372-20b29af57ac5,enjoyable,3,54254,268721.80000000075,316541,"['  #####', '  #.  #', '###   #', '# $*$ #', '#   ###', '#@ .#', '#####']",7,7,"[{'x': 2, 'y': 3, 'state': '$'}, {'x': 3, 'y': 3, 'state': '*'}, {'x': 4, 'y': 3, 'state': '$'}]",1,5,35,30,30,7,0,5,5,tutorial
6790957196019241f9c4f6b3,2334-f3ce26dc-d7b8-4b11-9de4-693467aabb5a,difficult,3,26144,236933.80000007153,262317,"['  #####', '  #.  #', '###   #', '# $*$ #', '#   ###', '#@ .#', '#####']",7,7,"[{'x': 2, 'y': 3, 'state': '$'}, {'x': 3, 'y': 3, 'state': '*'}, {'x': 4, 'y': 3, 'state': '$'}]",1,5,17,17,17,6,0,0,5,tutorial
6790957096019241f9c4f6a2,5846-6d2c90f7-fb2a-414b-99bf-b7a1f46acbbd,enjoyable,1,10137,316509.6999999285,325002,"['######', '#  $.#', '#@ $.#', '#    #', '######']",6,5,"[{'x': 3, 'y': 2, 'state': '$'}, {'x': 3, 'y': 1, 'state': '$'}]",1,2,5,5,5,2,0,0,3,tutorial
6790957196019241f9c4f6be,7570-7e21a10f-14c1-449e-b632-21b9a75d2f7b,difficult,1,50007,103330.60000038147,148288,"['######', '#  $.#', '#@ $.#', '#    #', '######']",6,5,"[{'x': 3, 'y': 2, 'state': '$'}, {'x': 3, 'y': 1, 'state': '$'}]",1,2,27,26,21,6,1,0,3,tutorial
6790957096019241f9c4f6a9,6597-33a376ae-5d1a-49f3-905e-aa8bc37c24cd,enjoyable,2,59497,263270.39999997616,320599,"['######', '#    #', '#*$ @#', '#. ###', '######']",6,5,"[{'x': 1, 'y': 2, 'state': '*'}, {'x': 2, 'y': 2, 'state': '$'}]",4,2,34,33,27,4,1,0,4,tutorial
6790957096019241f9c4f6a2,5846-6d2c90f7-fb2a-414b-99bf-b7a1f46acbbd,enjoyable,2,18928,326958.39999997616,344232,"['######', '#    #', '#*$ @#', '#. ###', '######']",6,5,"[{'x': 1, 'y': 2, 'state': '*'}, {'x': 2, 'y': 2, 'state': '$'}]",4,2,12,11,11,3,0,1,4,tutorial
6790957196019241f9c4f6b9,1064-892ec835-62f9-4338-82b9-5d4180f39f88,difficult,1,31312,242358.5,264149,"['######', '#  $.#', '#@ $.#', '#    #', '######']",6,5,"[{'x': 3, 'y': 2, 'state': '$'}, {'x': 3, 'y': 1, 'state': '$'}]",1,2,6,6,6,2,0,0,3,tutorial
6790957196019241f9c4f6b1,3368-10d99362-a076-4f79-937e-c720fdcbc414,enjoyable,3,48808,266386.89999999106,300283,"['  #####', '  #.  #', '###   #', '# $*$ #', '#   ###', '#@ .#', '#####']",7,7,"[{'x': 2, 'y': 3, 'state': '$'}, {'x': 3, 'y': 3, 'state': '*'}, {'x': 4, 'y': 3, 'state': '$'}]",1,5,25,24,24,7,0,1,5,tutorial
6790957196019241f9c4f6bd,4047-e32140a3-3b28-4f2b-9ba3-c2a1e9327ec6,difficult,1,13028,190361.89999997616,199852,"['######', '#  $.#', '#@ $.#', '#    #', '######']",6,5,"[{'x': 3, 'y': 2, 'state': '$'}, {'x': 3, 'y': 1, 'state': '$'}]",1,2,7,7,7,2,0,0,3,tutorial
6790957096019241f9c4f6a9,6597-33a376ae-5d1a-49f3-905e-aa8bc37c24cd,enjoyable,3,27507,323077.1999999285,348417,"['  #####', '  #.  #', '###   #', '# $*$ #', '#   ###', '#@ .#', '#####']",7,7,"[{'x': 2, 'y': 3, 'state': '$'}, {'x': 3, 'y': 3, 'state': '*'}, {'x': 4, 'y': 3, 'state': '$'}]",1,5,21,21,19,6,0,0,5,tutorial
6790957196019241f9c4f6be,7570-7e21a10f-14c1-449e-b632-21b9a75d2f7b,difficult,2,32801,153653.4000005722,181396,"['######', '#    #', '#*$ @#', '#. ###', '######']",6,5,"[{'x': 1, 'y': 2, 'state': '*'}, {'x': 2, 'y': 2, 'state': '$'}]",4,2,19,18,15,3,1,0,4,tutorial
6790957096019241f9c4f6a2,5846-6d2c90f7-fb2a-414b-99bf-b7a1f46acbbd,enjoyable,3,27841,346188.0,372384,"['  #####', '  #.  #', '###   #', '# $*$ #', '#   ###', '#@ .#', '#####']",7,7,"[{'x': 2, 'y': 3, 'state': '$'}, {'x': 3, 'y': 3, 'state': '*'}, {'x': 4, 'y': 3, 'state': '$'}]",1,5,21,21,21,6,0,0,5,tutorial
6790957196019241f9c4f6bc,2212-2e008b61-4a7e-4d2a-9945-783bc07e09a0,difficult,1,25893,277609.59999990463,269579,"['######', '#  $.#', '#@ $.#', '#    #', '######']",6,5,"[{'x': 3, 'y': 2, 'state': '$'}, {'x': 3, 'y': 1, 'state': '$'}]",1,2,8,8,7,2,0,0,3,tutorial
6790957196019241f9c4f6bd,4047-e32140a3-3b28-4f2b-9ba3-c2a1e9327ec6,difficult,2,25270,203710.19999998808,225441,"['######', '#    #', '#*$ @#', '#. ###', '######']",6,5,"[{'x': 1, 'y': 2, 'state': '*'}, {'x': 2, 'y': 2, 'state': '$'}]",4,2,14,13,11,3,0,1,4,tutorial
6790957096019241f9c4f6a8,3923-9e1c2464-4cd8-4845-a0d6-2816d7461393,enjoyable,2,90865,281706.39999997616,367042,"['######', '#    #', '#*$ @#', '#. ###', '######']",6,5,"[{'x': 1, 'y': 2, 'state': '*'}, {'x': 2, 'y': 2, 'state': '$'}]",4,2,52,51,28,4,1,0,4,tutorial
6790957096019241f9c4f6a5,3529-5cce2b4b-5b80-42cf-8af7-a1243bcef95b,enjoyable,1,224746,155287.39999997616,372823,"['######', '#  $.#', '#@ $.#', '#    #', '######']",6,5,"[{'x': 3, 'y': 2, 'state': '$'}, {'x': 3, 'y': 1, 'state': '$'}]",1,2,46,13,11,2,15,18,3,tutorial
6790957096019241f9c4f6a4,9757-aee868cc-3643-44a7-803d-dedb02151854,enjoyable,1,127726,258401.70000001788,383939,"['######', '#  $.#', '#@ $.#', '#    #', '######']",6,5,"[{'x': 3, 'y': 2, 'state': '$'}, {'x': 3, 'y': 1, 'state': '$'}]",1,2,22,20,15,4,1,1,3,tutorial
6790957196019241f9c4f6be,7570-7e21a10f-14c1-449e-b632-21b9a75d2f7b,difficult,3,25358,186760.30000019073,207060,"['  #####', '  #.  #', '###   #', '# $*$ #', '#   ###', '#@ .#', '#####']",7,7,"[{'x': 2, 'y': 3, 'state': '$'}, {'x': 3, 'y': 3, 'state': '*'}, {'x': 4, 'y': 3, 'state': '$'}]",1,5,17,17,17,6,0,0,5,tutorial
6790957196019241f9c4f6bd,4047-e32140a3-3b28-4f2b-9ba3-c2a1e9327ec6,difficult,3,16733,229297.79999995232,242491,"['  #####', '  #.  #', '###   #', '# $*$ #', '#   ###', '#@ .#', '#####']",7,7,"[{'x': 2, 'y': 3, 'state': '$'}, {'x': 3, 'y': 3, 'state': '*'}, {'x': 4, 'y': 3, 'state': '$'}]",1,5,19,19,19,6,0,0,5,tutorial
6790957196019241f9c4f6bf,2896-9a6e26ee-4bc6-4b47-84f2-37ee5e14e3e0,difficult,1,18094,211108.19999998808,227433,"['######', '#  $.#', '#@ $.#', '#    #', '######']",6,5,"[{'x': 3, 'y': 2, 'state': '$'}, {'x': 3, 'y': 1, 'state': '$'}]",1,2,5,5,5,2,0,0,3,tutorial
6790957096019241f9c4f6a5,3529-5cce2b4b-5b80-42cf-8af7-a1243bcef95b,enjoyable,2,42978,380341.6999999285,416106,"['######', '#    #', '#*$ @#', '#. ###', '######']",6,5,"[{'x': 1, 'y': 2, 'state': '*'}, {'x': 2, 'y': 2, 'state': '$'}]",4,2,27,23,18,3,2,2,4,tutorial
6790957096019241f9c4f6a8,3923-9e1c2464-4cd8-4845-a0d6-2816d7461393,enjoyable,3,58223,372888.7999999523,425589,"['  #####', '  #.  #', '###   #', '# $*$ #', '#   ###', '#@ .#', '#####']",7,7,"[{'x': 2, 'y': 3, 'state': '$'}, {'x': 3, 'y': 3, 'state': '*'}, {'x': 4, 'y': 3, 'state': '$'}]",1,5,33,33,21,6,0,0,5,tutorial
6790957096019241f9c4f6a5,3529-5cce2b4b-5b80-42cf-8af7-a1243bcef95b,enjoyable,3,21818,423623.59999990463,438228,"['  #####', '  #.  #', '###   #', '# $*$ #', '#   ###', '#@ .#', '#####']",7,7,"[{'x': 2, 'y': 3, 'state': '$'}, {'x': 3, 'y': 3, 'state': '*'}, {'x': 4, 'y': 3, 'state': '$'}]",1,5,20,20,19,6,0,0,5,tutorial
6790957196019241f9c4f6b4,7300-26294324-fb0d-4605-beff-26d77f614899,difficult,2,191710,231069.60000002384,421504,"['######', '#    #', '#*$ @#', '#. ###', '######']",6,5,"[{'x': 1, 'y': 2, 'state': '*'}, {'x': 2, 'y': 2, 'state': '$'}]",4,2,96,57,43,7,6,33,4,tutorial
6790957196019241f9c4f6bf,2896-9a6e26ee-4bc6-4b47-84f2-37ee5e14e3e0,difficult,2,70148,229511.90000003576,297889,"['######', '#    #', '#*$ @#', '#. ###', '######']",6,5,"[{'x': 1, 'y': 2, 'state': '*'}, {'x': 2, 'y': 2, 'state': '$'}]",4,2,22,21,18,3,1,0,4,tutorial
6790957196019241f9c4f6bc,2212-2e008b61-4a7e-4d2a-9945-783bc07e09a0,difficult,2,116325,303829.39999985695,386220,"['######', '#    #', '#*$ @#', '#. ###', '######']",6,5,"[{'x': 1, 'y': 2, 'state': '*'}, {'x': 2, 'y': 2, 'state': '$'}]",4,2,35,23,19,3,1,11,4,tutorial
6790957196019241f9c4f6b9,1064-892ec835-62f9-4338-82b9-5d4180f39f88,difficult,2,151838,273989.2999999523,416300,"['######', '#    #', '#*$ @#', '#. ###', '######']",6,5,"[{'x': 1, 'y': 2, 'state': '*'}, {'x': 2, 'y': 2, 'state': '$'}]",4,2,42,33,29,5,2,7,4,tutorial
6790957196019241f9c4f6ae,8074-3ebe9ff2-15ce-4490-b02c-59152c315e57,enjoyable,1,64346,422669.0,463863,"['######', '#  $.#', '#@ $.#', '#    #', '######']",6,5,"[{'x': 3, 'y': 2, 'state': '$'}, {'x': 3, 'y': 1, 'state': '$'}]",1,2,7,7,7,2,0,0,3,tutorial
6790957196019241f9c4f6ae,8074-3ebe9ff2-15ce-4490-b02c-59152c315e57,enjoyable,2,21201,487331.0,485385,"['######', '#    #', '#*$ @#', '#. ###', '######']",6,5,"[{'x': 1, 'y': 2, 'state': '*'}, {'x': 2, 'y': 2, 'state': '$'}]",4,2,10,10,10,2,0,0,4,tutorial
6790957196019241f9c4f6b7,0064-edadbd5c-58c4-45a2-81fc-d8ae38231ce3,difficult,1,23115,458142.1000000001,471543,"['######', '#  $.#', '#@ $.#', '#    #', '######']",6,5,"[{'x': 3, 'y': 2, 'state': '$'}, {'x': 3, 'y': 1, 'state': '$'}]",1,2,5,5,5,2,0,0,3,tutorial
6790957196019241f9c4f6bf,2896-9a6e26ee-4bc6-4b47-84f2-37ee5e14e3e0,difficult,3,51535,299966.0,349729,"['  #####', '  #.  #', '###   #', '# $*$ #', '#   ###', '#@ .#', '#####']",7,7,"[{'x': 2, 'y': 3, 'state': '$'}, {'x': 3, 'y': 3, 'state': '*'}, {'x': 4, 'y': 3, 'state': '$'}]",1,5,19,19,19,6,0,0,5,tutorial
6790957196019241f9c4f6b9,1064-892ec835-62f9-4338-82b9-5d4180f39f88,difficult,3,81365,426140.09999996424,497975,"['  #####', '  #.  #', '###   #', '# $*$ #', '#   ###', '#@ .#', '#####']",7,7,"[{'x': 2, 'y': 3, 'state': '$'}, {'x': 3, 'y': 3, 'state': '*'}, {'x': 4, 'y': 3, 'state': '$'}]",1,5,21,21,19,6,0,0,5,tutorial
6790957196019241f9c4f6ae,8074-3ebe9ff2-15ce-4490-b02c-59152c315e57,enjoyable,3,63445,508854.0,549147,"['  #####', '  #.  #', '###   #', '# $*$ #', '#   ###', '#@ .#', '#####']",7,7,"[{'x': 2, 'y': 3, 'state': '$'}, {'x': 3, 'y': 3, 'state': '*'}, {'x': 4, 'y': 3, 'state': '$'}]",1,5,17,17,17,6,0,0,5,tutorial
6790957096019241f9c4f6a4,9757-aee868cc-3643-44a7-803d-dedb02151854,enjoyable,2,214553,386444.2000000179,598809,"['######', '#    #', '#*$ @#', '#. ###', '######']",6,5,"[{'x': 1, 'y': 2, 'state': '*'}, {'x': 2, 'y': 2, 'state': '$'}]",4,2,17,16,16,3,1,0,4,tutorial
6790957096019241f9c4f69f,8623-d4ef7ab9-87ee-43f3-879d-dc777ad89d27,enjoyable,1,57510,580742.7000000477,630525,"['######', '#  $.#', '#@ $.#', '#    #', '######']",6,5,"[{'x': 3, 'y': 2, 'state': '$'}, {'x': 3, 'y': 1, 'state': '$'}]",1,2,7,7,7,2,0,0,3,tutorial
6790957196019241f9c4f6c0,2995-02c4a682-4b63-46f1-80ae-36f888e70791,difficult,1,88843,382515.90000003576,377805,"['######', '#  $.#', '#@ $.#', '#    #', '######']",6,5,"[{'x': 3, 'y': 2, 'state': '$'}, {'x': 3, 'y': 1, 'state': '$'}]",1,2,9,6,6,2,2,1,3,tutorial
6790957196019241f9c4f6b0,1806-1198a39d-5416-459a-b5bf-d805efb81190,enjoyable,3,389062,196349.59999990463,582073,"['  #####', '  #.  #', '###   #', '# $*$ #', '#   ###', '#@ .#', '#####']",7,7,"[{'x': 2, 'y': 3, 'state': '$'}, {'x': 3, 'y': 3, 'state': '*'}, {'x': 4, 'y': 3, 'state': '$'}]",1,5,213,201,171,28,6,6,5,tutorial
6790957196019241f9c4f6bc,2212-2e008b61-4a7e-4d2a-9945-783bc07e09a0,difficult,3,136489,420469.0,523018,"['  #####', '  #.  #', '###   #', '# $*$ #', '#   ###', '#@ .#', '#####']",7,7,"[{'x': 2, 'y': 3, 'state': '$'}, {'x': 3, 'y': 3, 'state': '*'}, {'x': 4, 'y': 3, 'state': '$'}]",1,5,52,50,43,11,1,1,5,tutorial
6790957096019241f9c4f69f,8623-d4ef7ab9-87ee-43f3-879d-dc777ad89d27,enjoyable,2,45810,638559.9000000954,676654,"['######', '#    #', '#*$ @#', '#. ###', '######']",6,5,"[{'x': 1, 'y': 2, 'state': '*'}, {'x': 2, 'y': 2, 'state': '$'}]",4,2,16,15,14,3,1,0,4,tutorial
6790957196019241f9c4f6c0,2995-02c4a682-4b63-46f1-80ae-36f888e70791,difficult,2,47658,471679.8000000119,425775,"['######', '#    #', '#*$ @#', '#. ###', '######']",6,5,"[{'x': 1, 'y': 2, 'state': '*'}, {'x': 2, 'y': 2, 'state': '$'}]",4,2,18,15,13,3,0,3,4,tutorial
6790957196019241f9c4f6b7,0064-edadbd5c-58c4-45a2-81fc-d8ae38231ce3,difficult,2,142528,481563.7000000002,614376,"['######', '#    #', '#*$ @#', '#. ###', '######']",6,5,"[{'x': 1, 'y': 2, 'state': '*'}, {'x': 2, 'y': 2, 'state': '$'}]",4,2,126,107,85,15,1,18,4,tutorial
6790957096019241f9c4f69f,8623-d4ef7ab9-87ee-43f3-879d-dc777ad89d27,enjoyable,3,18651,684687.9000000954,695609,"['  #####', '  #.  #', '###   #', '# $*$ #', '#   ###', '#@ .#', '#####']",7,7,"[{'x': 2, 'y': 3, 'state': '$'}, {'x': 3, 'y': 3, 'state': '*'}, {'x': 4, 'y': 3, 'state': '$'}]",1,5,17,17,17,6,0,0,5,tutorial
6790957196019241f9c4f6c0,2995-02c4a682-4b63-46f1-80ae-36f888e70791,difficult,3,17864,519649.10000002384,443947,"['  #####', '  #.  #', '###   #', '# $*$ #', '#   ###', '#@ .#', '#####']",7,7,"[{'x': 2, 'y': 3, 'state': '$'}, {'x': 3, 'y': 3, 'state': '*'}, {'x': 4, 'y': 3, 'state': '$'}]",1,5,19,19,19,6,0,0,5,tutorial
6790957196019241f9c4f6b7,0064-edadbd5c-58c4-45a2-81fc-d8ae38231ce3,difficult,3,17561,624401.7000000002,632246,"['  #####', '  #.  #', '###   #', '# $*$ #', '#   ###', '#@ .#', '#####']",7,7,"[{'x': 2, 'y': 3, 'state': '$'}, {'x': 3, 'y': 3, 'state': '*'}, {'x': 4, 'y': 3, 'state': '$'}]",1,5,22,22,21,6,0,0,5,tutorial
6790957196019241f9c4f6c5,0618-8ddfc1c9-2d14-43d0-9caa-0f71a6c1b541,difficult,1,128108,49215.80000001192,174909,"['######', '#  $.#', '#@ $.#', '#    #', '######']",6,5,"[{'x': 3, 'y': 2, 'state': '$'}, {'x': 3, 'y': 1, 'state': '$'}]",1,2,55,34,23,5,15,6,3,tutorial
6790957096019241f9c4f6a4,9757-aee868cc-3643-44a7-803d-dedb02151854,enjoyable,3,226748,601312.2000000179,825878,"['  #####', '  #.  #', '###   #', '# $*$ #', '#   ###', '#@ .#', '#####']",7,7,"[{'x': 2, 'y': 3, 'state': '$'}, {'x': 3, 'y': 3, 'state': '*'}, {'x': 4, 'y': 3, 'state': '$'}]",1,5,17,17,17,6,0,0,5,tutorial
6790957196019241f9c4f6c5,0618-8ddfc1c9-2d14-43d0-9caa-0f71a6c1b541,difficult,2,72552,177639.19999998808,247769,"['######', '#    #', '#*$ @#', '#. ###', '######']",6,5,"[{'x': 1, 'y': 2, 'state': '*'}, {'x': 2, 'y': 2, 'state': '$'}]",4,2,32,29,23,4,2,1,4,tutorial
6790957196019241f9c4f6b4,7300-26294324-fb0d-4605-beff-26d77f614899,difficult,3,529607,423090.60000002384,951421,"['  #####', '  #.  #', '###   #', '# $*$ #', '#   ###', '#@ .#', '#####']",7,7,"[{'x': 2, 'y': 3, 'state': '$'}, {'x': 3, 'y': 3, 'state': '*'}, {'x': 4, 'y': 3, 'state': '$'}]",1,5,433,310,264,41,15,108,5,tutorial
6790957196019241f9c4f6c8,6467-cb2e41ae-5a2b-4c95-996f-e6cf85a0c8e3,enjoyable,1,102451,214303.60000002384,311738,"['######', '#  $.#', '#@ $.#', '#    #', '######']",6,5,"[{'x': 3, 'y': 2, 'state': '$'}, {'x': 3, 'y': 1, 'state': '$'}]",1,2,10,5,5,2,5,0,3,tutorial
6790957196019241f9c4f6c8,6467-cb2e41ae-5a2b-4c95-996f-e6cf85a0c8e3,enjoyable,2,23873,317079.0,335933,"['######', '#    #', '#*$ @#', '#. ###', '######']",6,5,"[{'x': 1, 'y': 2, 'state': '*'}, {'x': 2, 'y': 2, 'state': '$'}]",4,2,10,10,10,2,0,0,4,tutorial
6790957196019241f9c4f6c8,6467-cb2e41ae-5a2b-4c95-996f-e6cf85a0c8e3,enjoyable,3,43551,341273.3000000119,379801,"['  #####', '  #.  #', '###   #', '# $*$ #', '#   ###', '#@ .#', '#####']",7,7,"[{'x': 2, 'y': 3, 'state': '$'}, {'x': 3, 'y': 3, 'state': '*'}, {'x': 4, 'y': 3, 'state': '$'}]",1,5,17,17,17,6,0,0,5,tutorial
6790957196019241f9c4f6ca,2485-47f57e30-a80b-4dbd-a9e6-6b306a349c3f,enjoyable,1,13883,127664.40000000596,132746,"['######', '#  $.#', '#@ $.#', '#    #', '######']",6,5,"[{'x': 3, 'y': 2, 'state': '$'}, {'x': 3, 'y': 1, 'state': '$'}]",1,2,6,6,5,2,0,0,3,tutorial
6790957196019241f9c4f6ca,2485-47f57e30-a80b-4dbd-a9e6-6b306a349c3f,enjoyable,2,28360,141861.5,161414,"['######', '#    #', '#*$ @#', '#. ###', '######']",6,5,"[{'x': 1, 'y': 2, 'state': '*'}, {'x': 2, 'y': 2, 'state': '$'}]",4,2,26,25,18,4,1,0,4,tutorial
6790957196019241f9c4f6ca,2485-47f57e30-a80b-4dbd-a9e6-6b306a349c3f,enjoyable,3,43641,170526.0,205359,"['  #####', '  #.  #', '###   #', '# $*$ #', '#   ###', '#@ .#', '#####']",7,7,"[{'x': 2, 'y': 3, 'state': '$'}, {'x': 3, 'y': 3, 'state': '*'}, {'x': 4, 'y': 3, 'state': '$'}]",1,5,41,40,36,11,1,0,5,tutorial
6790957196019241f9c4f6cd,5189-1145fda3-1f91-4ca5-9f29-db69268412b3,enjoyable,1,8306,18275.09999999404,21679,"['######', '#  $.#', '#@ $.#', '#    #', '######']",6,5,"[{'x': 3, 'y': 2, 'state': '$'}, {'x': 3, 'y': 1, 'state': '$'}]",1,2,6,6,6,2,0,0,3,tutorial
6790957196019241f9c4f6b6,7643-b62f402a-51de-41c0-9821-a0739b2c3d85,difficult,1,108263,1032136.599999994,1136948,"['######', '#  $.#', '#@ $.#', '#    #', '######']",6,5,"[{'x': 3, 'y': 2, 'state': '$'}, {'x': 3, 'y': 1, 'state': '$'}]",1,2,5,5,5,2,0,0,3,tutorial
6790957196019241f9c4f6cd,5189-1145fda3-1f91-4ca5-9f29-db69268412b3,enjoyable,2,12131,26887.30000001192,34115,"['######', '#    #', '#*$ @#', '#. ###', '######']",6,5,"[{'x': 1, 'y': 2, 'state': '*'}, {'x': 2, 'y': 2, 'state': '$'}]",4,2,13,13,12,2,0,0,4,tutorial
6790957196019241f9c4f6b6,7643-b62f402a-51de-41c0-9821-a0739b2c3d85,difficult,2,18436,1140714.199999988,1155690,"['######', '#    #', '#*$ @#', '#. ###', '######']",6,5,"[{'x': 1, 'y': 2, 'state': '*'}, {'x': 2, 'y': 2, 'state': '$'}]",4,2,10,10,10,2,0,0,4,tutorial
6790957196019241f9c4f6cd,5189-1145fda3-1f91-4ca5-9f29-db69268412b3,enjoyable,3,15425,39323.40000000596,49845,"['  #####', '  #.  #', '###   #', '# $*$ #', '#   ###', '#@ .#', '#####']",7,7,"[{'x': 2, 'y': 3, 'state': '$'}, {'x': 3, 'y': 3, 'state': '*'}, {'x': 4, 'y': 3, 'state': '$'}]",1,5,21,21,21,6,0,0,5,tutorial
6790957196019241f9c4f6b6,7643-b62f402a-51de-41c0-9821-a0739b2c3d85,difficult,3,26335,1159455.299999997,1182338,"['  #####', '  #.  #', '###   #', '# $*$ #', '#   ###', '#@ .#', '#####']",7,7,"[{'x': 2, 'y': 3, 'state': '$'}, {'x': 3, 'y': 3, 'state': '*'}, {'x': 4, 'y': 3, 'state': '$'}]",1,5,19,19,17,6,0,0,5,tutorial
6790957096019241f9c4f6ab,2138-8ccc2c79-3fd9-4658-8958-c14e6c181a59,enjoyable,1,25381,1393705.8000000715,1388329,"['######', '#  $.#', '#@ $.#', '#    #', '######']",6,5,"[{'x': 3, 'y': 2, 'state': '$'}, {'x': 3, 'y': 1, 'state': '$'}]",1,2,10,10,9,2,0,0,3,tutorial
6790957096019241f9c4f6ab,2138-8ccc2c79-3fd9-4658-8958-c14e6c181a59,enjoyable,2,35900,1419409.0,1424536,"['######', '#    #', '#*$ @#', '#. ###', '######']",6,5,"[{'x': 1, 'y': 2, 'state': '*'}, {'x': 2, 'y': 2, 'state': '$'}]",4,2,10,10,10,2,0,0,4,tutorial
6790957096019241f9c4f6ab,2138-8ccc2c79-3fd9-4658-8958-c14e6c181a59,enjoyable,3,25652,1455615.3999999762,1450495,"['  #####', '  #.  #', '###   #', '# $*$ #', '#   ###', '#@ .#', '#####']",7,7,"[{'x': 2, 'y': 3, 'state': '$'}, {'x': 3, 'y': 3, 'state': '*'}, {'x': 4, 'y': 3, 'state': '$'}]",1,5,20,20,19,6,0,0,5,tutorial
6790957196019241f9c4f6c1,9258-6d96af6a-31a7-43d1-bd98-e370c382df7f,difficult,1,18888,1695231.1999998093,1701390,"['######', '#  $.#', '#@ $.#', '#    #', '######']",6,5,"[{'x': 3, 'y': 2, 'state': '$'}, {'x': 3, 'y': 1, 'state': '$'}]",1,2,7,7,7,2,0,0,3,tutorial
6790957196019241f9c4f6c1,9258-6d96af6a-31a7-43d1-bd98-e370c382df7f,difficult,2,18336,1714430.5999999046,1720032,"['######', '#    #', '#*$ @#', '#. ###', '######']",6,5,"[{'x': 1, 'y': 2, 'state': '*'}, {'x': 2, 'y': 2, 'state': '$'}]",4,2,10,10,10,2,0,0,4,tutorial
6790957196019241f9c4f6c1,9258-6d96af6a-31a7-43d1-bd98-e370c382df7f,difficult,3,33885,1733074.399999857,1754231,"['  #####', '  #.  #', '###   #', '# $*$ #', '#   ###', '#@ .#', '#####']",7,7,"[{'x': 2, 'y': 3, 'state': '$'}, {'x': 3, 'y': 3, 'state': '*'}, {'x': 4, 'y': 3, 'state': '$'}]",1,5,20,20,19,6,0,0,5,tutorial
6790957196019241f9c4f6d0,3552-d59afaf9-6865-4261-9551-f85620851034,enjoyable,1,13980,184001.60000002384,173707,"['######', '#  $.#', '#@ $.#', '#    #', '######']",6,5,"[{'x': 3, 'y': 2, 'state': '$'}, {'x': 3, 'y': 1, 'state': '$'}]",1,2,6,6,6,2,0,0,3,tutorial
6790957196019241f9c4f6d0,3552-d59afaf9-6865-4261-9551-f85620851034,enjoyable,2,26016,198297.39999997616,200042,"['######', '#    #', '#*$ @#', '#. ###', '######']",6,5,"[{'x': 1, 'y': 2, 'state': '*'}, {'x': 2, 'y': 2, 'state': '$'}]",4,2,11,11,10,2,0,0,4,tutorial
6790957196019241f9c4f6d0,3552-d59afaf9-6865-4261-9551-f85620851034,enjoyable,3,44607,224631.39999997616,244968,"['  #####', '  #.  #', '###   #', '# $*$ #', '#   ###', '#@ .#', '#####']",7,7,"[{'x': 2, 'y': 3, 'state': '$'}, {'x': 3, 'y': 3, 'state': '*'}, {'x': 4, 'y': 3, 'state': '$'}]",1,5,18,18,17,6,0,0,5,tutorial
6790957296019241f9c4f6d7,7662-770cd839-3f7e-4e6f-9566-24ef054ab8b2,enjoyable,1,11929,39116.60000002384,48891,"['######', '#  $.#', '#@ $.#', '#    #', '######']",6,5,"[{'x': 3, 'y': 2, 'state': '$'}, {'x': 3, 'y': 1, 'state': '$'}]",1,2,6,6,6,2,0,0,3,tutorial
6790957196019241f9c4f6d2,0995-0ab739bc-28d3-48a8-a7a7-3f8035b78a8d,enjoyable,1,8208,90264.10000000149,92376,"['######', '#  $.#', '#@ $.#', '#    #', '######']",6,5,"[{'x': 3, 'y': 2, 'state': '$'}, {'x': 3, 'y': 1, 'state': '$'}]",1,2,5,5,5,2,0,0,3,tutorial
6790957196019241f9c4f6d2,0995-0ab739bc-28d3-48a8-a7a7-3f8035b78a8d,enjoyable,2,9705,98775.69999999553,102385,"['######', '#    #', '#*$ @#', '#. ###', '######']",6,5,"[{'x': 1, 'y': 2, 'state': '*'}, {'x': 2, 'y': 2, 'state': '$'}]",4,2,10,10,10,2,0,0,4,tutorial
6790957296019241f9c4f6d7,7662-770cd839-3f7e-4e6f-9566-24ef054ab8b2,enjoyable,2,31552,51347.299999952316,80749,"['######', '#    #', '#*$ @#', '#. ###', '######']",6,5,"[{'x': 1, 'y': 2, 'state': '*'}, {'x': 2, 'y': 2, 'state': '$'}]",4,2,39,37,32,6,1,1,4,tutorial
6790957296019241f9c4f6d8,2384-c187e14b-150a-45e6-b8b0-9379304c71b2,enjoyable,1,10186,74352.0,80042,"['######', '#  $.#', '#@ $.#', '#    #', '######']",6,5,"[{'x': 3, 'y': 2, 'state': '$'}, {'x': 3, 'y': 1, 'state': '$'}]",1,2,5,5,5,2,0,0,3,tutorial
6790957196019241f9c4f6d2,0995-0ab739bc-28d3-48a8-a7a7-3f8035b78a8d,enjoyable,3,14892,108784.0,117583,"['  #####', '  #.  #', '###   #', '# $*$ #', '#   ###', '#@ .#', '#####']",7,7,"[{'x': 2, 'y': 3, 'state': '$'}, {'x': 3, 'y': 3, 'state': '*'}, {'x': 4, 'y': 3, 'state': '$'}]",1,5,21,21,21,6,0,0,5,tutorial
6790957296019241f9c4f6de,9892-40821a05-0540-4e3c-a8f5-e62dcf08f6a1,difficult,1,19523,46025.0,62675,"['######', '#  $.#', '#@ $.#', '#    #', '######']",6,5,"[{'x': 3, 'y': 2, 'state': '$'}, {'x': 3, 'y': 1, 'state': '$'}]",1,2,6,6,6,2,0,0,3,tutorial
6790957296019241f9c4f6d8,2384-c187e14b-150a-45e6-b8b0-9379304c71b2,enjoyable,2,12442,84843.0,92790,"['######', '#    #', '#*$ @#', '#. ###', '######']",6,5,"[{'x': 1, 'y': 2, 'state': '*'}, {'x': 2, 'y': 2, 'state': '$'}]",4,2,10,10,10,2,0,0,4,tutorial
6790957296019241f9c4f6d7,7662-770cd839-3f7e-4e6f-9566-24ef054ab8b2,enjoyable,3,30028,83206.0,111080,"['  #####', '  #.  #', '###   #', '# $*$ #', '#   ###', '#@ .#', '#####']",7,7,"[{'x': 2, 'y': 3, 'state': '$'}, {'x': 3, 'y': 3, 'state': '*'}, {'x': 4, 'y': 3, 'state': '$'}]",1,5,63,52,46,9,0,11,5,tutorial
6790957296019241f9c4f6dc,8328-a622e708-bdac-44f2-963e-cce2caa58ee6,difficult,1,12708,74455.10000002384,85745,"['######', '#  $.#', '#@ $.#', '#    #', '######']",6,5,"[{'x': 3, 'y': 2, 'state': '$'}, {'x': 3, 'y': 1, 'state': '$'}]",1,2,5,5,5,2,0,0,3,tutorial
6790957296019241f9c4f6e2,9000-3e06d826-8f80-4ea6-b332-f1b585078198,difficult,1,23318,65254.799999952316,69652,"['######', '#  $.#', '#@ $.#', '#    #', '######']",6,5,"[{'x': 3, 'y': 2, 'state': '$'}, {'x': 3, 'y': 1, 'state': '$'}]",1,2,6,6,5,2,0,0,3,tutorial
6790957296019241f9c4f6de,9892-40821a05-0540-4e3c-a8f5-e62dcf08f6a1,difficult,2,19758,65850.79999999981,82739,"['######', '#    #', '#*$ @#', '#. ###', '######']",6,5,"[{'x': 1, 'y': 2, 'state': '*'}, {'x': 2, 'y': 2, 'state': '$'}]",4,2,30,21,21,4,1,8,4,tutorial
6790957296019241f9c4f6d8,2384-c187e14b-150a-45e6-b8b0-9379304c71b2,enjoyable,3,17094,97592.0,110190,"['  #####', '  #.  #', '###   #', '# $*$ #', '#   ###', '#@ .#', '#####']",7,7,"[{'x': 2, 'y': 3, 'state': '$'}, {'x': 3, 'y': 3, 'state': '*'}, {'x': 4, 'y': 3, 'state': '$'}]",1,5,19,19,17,6,0,0,5,tutorial
6790957296019241f9c4f6d5,4084-ae1faa22-f5a2-4ba3-8dcd-a61cd0223131,enjoyable,1,17453,118634.79999999981,134240,"['######', '#  $.#', '#@ $.#', '#    #', '######']",6,5,"[{'x': 3, 'y': 2, 'state': '$'}, {'x': 3, 'y': 1, 'state': '$'}]",1,2,5,5,5,2,0,0,3,tutorial
6790957296019241f9c4f6dc,8328-a622e708-bdac-44f2-963e-cce2caa58ee6,difficult,2,11516,87465.5,97572,"['######', '#    #', '#*$ @#', '#. ###', '######']",6,5,"[{'x': 1, 'y': 2, 'state': '*'}, {'x': 2, 'y': 2, 'state': '$'}]",4,2,10,10,10,2,0,0,4,tutorial
6790957296019241f9c4f6de,9892-40821a05-0540-4e3c-a8f5-e62dcf08f6a1,difficult,3,17130,85914.29999999981,100171,"['  #####', '  #.  #', '###   #', '# $*$ #', '#   ###', '#@ .#', '#####']",7,7,"[{'x': 2, 'y': 3, 'state': '$'}, {'x': 3, 'y': 3, 'state': '*'}, {'x': 4, 'y': 3, 'state': '$'}]",1,5,23,23,23,6,0,0,5,tutorial
6790957296019241f9c4f6dc,8328-a622e708-bdac-44f2-963e-cce2caa58ee6,difficult,3,18379,99292.60000002384,116254,"['  #####', '  #.  #', '###   #', '# $*$ #', '#   ###', '#@ .#', '#####']",7,7,"[{'x': 2, 'y': 3, 'state': '$'}, {'x': 3, 'y': 3, 'state': '*'}, {'x': 4, 'y': 3, 'state': '$'}]",1,5,19,19,19,6,0,0,5,tutorial
6790957296019241f9c4f6ef,6497-9ac27707-a691-4002-b3d0-f813dc3a71c6,enjoyable,1,10819,42754.199999999255,51313,"['######', '#  $.#', '#@ $.#', '#    #', '######']",6,5,"[{'x': 3, 'y': 2, 'state': '$'}, {'x': 3, 'y': 1, 'state': '$'}]",1,2,5,5,5,2,0,0,3,tutorial
6790957296019241f9c4f6e5,8813-0c5fda1b-9036-4d0d-99a3-ca1909b62dc0,difficult,1,13883,79573.20000001788,88245,"['######', '#  $.#', '#@ $.#', '#    #', '######']",6,5,"[{'x': 3, 'y': 2, 'state': '$'}, {'x': 3, 'y': 1, 'state': '$'}]",1,2,5,5,5,2,0,0,3,tutorial
6790957296019241f9c4f6e2,9000-3e06d826-8f80-4ea6-b332-f1b585078198,difficult,2,34973,88883.39999997616,104930,"['######', '#    #', '#*$ @#', '#. ###', '######']",6,5,"[{'x': 1, 'y': 2, 'state': '*'}, {'x': 2, 'y': 2, 'state': '$'}]",4,2,22,21,20,4,1,0,4,tutorial
6790957296019241f9c4f6ef,6497-9ac27707-a691-4002-b3d0-f813dc3a71c6,enjoyable,2,12192,53880.300000000745,63811,"['######', '#    #', '#*$ @#', '#. ###', '######']",6,5,"[{'x': 1, 'y': 2, 'state': '*'}, {'x': 2, 'y': 2, 'state': '$'}]",4,2,12,12,12,4,0,0,4,tutorial
6790957296019241f9c4f6da,1618-bb1e82ca-f705-4fe3-9faa-d4c2a384f765,enjoyable,1,17576,139228.10000000894,144440,"['######', '#  $.#', '#@ $.#', '#    #', '######']",6,5,"[{'x': 3, 'y': 2, 'state': '$'}, {'x': 3, 'y': 1, 'state': '$'}]",1,2,5,5,5,2,0,0,3,tutorial
6790957296019241f9c4f6d5,4084-ae1faa22-f5a2-4ba3-8dcd-a61cd0223131,enjoyable,2,36512,136394.40000000037,171058,"['######', '#    #', '#*$ @#', '#. ###', '######']",6,5,"[{'x': 1, 'y': 2, 'state': '*'}, {'x': 2, 'y': 2, 'state': '$'}]",4,2,25,18,17,4,0,7,4,tutorial
6790957296019241f9c4f6e6,2637-6cf188d9-47da-4ce5-ae70-39349d120c9c,difficult,1,18145,97796.39999997616,107317,"['######', '#  $.#', '#@ $.#', '#    #', '######']",6,5,"[{'x': 3, 'y': 2, 'state': '$'}, {'x': 3, 'y': 1, 'state': '$'}]",1,2,5,5,5,2,0,0,3,tutorial
6790957296019241f9c4f6eb,3984-6085564f-0e03-4d95-8c42-5960925b58d4,difficult,1,24344,74438.90000000002,94525,"['######', '#  $.#', '#@ $.#', '#    #', '######']",6,5,"[{'x': 3, 'y': 2, 'state': '$'}, {'x': 3, 'y': 1, 'state': '$'}]",1,2,5,5,5,2,0,0,3,tutorial
6790957296019241f9c4f6f3,9594-b4a0871c-d192-4076-849f-725c42fca9e9,enjoyable,1,9294,39563.60000000149,44671,"['######', '#  $.#', '#@ $.#', '#    #', '######']",6,5,"[{'x': 3, 'y': 2, 'state': '$'}, {'x': 3, 'y': 1, 'state': '$'}]",1,2,5,5,5,2,0,0,3,tutorial
6790957296019241f9c4f6e2,9000-3e06d826-8f80-4ea6-b332-f1b585078198,difficult,3,20596,124161.10000002384,125830,"['  #####', '  #.  #', '###   #', '# $*$ #', '#   ###', '#@ .#', '#####']",7,7,"[{'x': 2, 'y': 3, 'state': '$'}, {'x': 3, 'y': 3, 'state': '*'}, {'x': 4, 'y': 3, 'state': '$'}]",1,5,19,19,17,6,0,0,5,tutorial
6790957296019241f9c4f6e9,5601-369631c8-7a4d-4e81-bf57-9ddb39b26599,difficult,1,29678,83073.5,106491,"['######', '#  $.#', '#@ $.#', '#    #', '######']",6,5,"[{'x': 3, 'y': 2, 'state': '$'}, {'x': 3, 'y': 1, 'state': '$'}]",1,2,8,8,8,2,0,0,3,tutorial
6790957296019241f9c4f6e5,8813-0c5fda1b-9036-4d0d-99a3-ca1909b62dc0,difficult,2,34838,93765.40000000596,123391,"['######', '#    #', '#*$ @#', '#. ###', '######']",6,5,"[{'x': 1, 'y': 2, 'state': '*'}, {'x': 2, 'y': 2, 'state': '$'}]",4,2,18,17,17,4,1,0,4,tutorial
6790957296019241f9c4f6e6,2637-6cf188d9-47da-4ce5-ae70-39349d120c9c,difficult,2,15398,116269.89999997616,123027,"['######', '#    #', '#*$ @#', '#. ###', '######']",6,5,"[{'x': 1, 'y': 2, 'state': '*'}, {'x': 2, 'y': 2, 'state': '$'}]",4,2,10,10,10,2,0,0,4,tutorial
6790957296019241f9c4f6f3,9594-b4a0871c-d192-4076-849f-725c42fca9e9,enjoyable,2,9097,49171.800000000745,54077,"['######', '#    #', '#*$ @#', '#. ###', '######']",6,5,"[{'x': 1, 'y': 2, 'state': '*'}, {'x': 2, 'y': 2, 'state': '$'}]",4,2,10,10,10,2,0,0,4,tutorial
6790957296019241f9c4f6d5,4084-ae1faa22-f5a2-4ba3-8dcd-a61cd0223131,enjoyable,3,22760,173212.09999999963,194122,"['  #####', '  #.  #', '###   #', '# $*$ #', '#   ###', '#@ .#', '#####']",7,7,"[{'x': 2, 'y': 3, 'state': '$'}, {'x': 3, 'y': 3, 'state': '*'}, {'x': 4, 'y': 3, 'state': '$'}]",1,5,19,19,19,6,0,0,5,tutorial
6790957296019241f9c4f6ea,6168-52e0099e-01df-47f5-baa9-9ac43994c386,difficult,1,43854,73205.5,112712,"['######', '#  $.#', '#@ $.#', '#    #', '######']",6,5,"[{'x': 3, 'y': 2, 'state': '$'}, {'x': 3, 'y': 1, 'state': '$'}]",1,2,47,46,27,5,1,0,3,tutorial
6790957296019241f9c4f6da,1618-bb1e82ca-f705-4fe3-9faa-d4c2a384f765,enjoyable,2,36607,157221.79999999702,181464,"['######', '#    #', '#*$ @#', '#. ###', '######']",6,5,"[{'x': 1, 'y': 2, 'state': '*'}, {'x': 2, 'y': 2, 'state': '$'}]",4,2,26,25,19,4,1,0,4,tutorial
6790957296019241f9c4f6ef,6497-9ac27707-a691-4002-b3d0-f813dc3a71c6,enjoyable,3,38103,66378.19999999925,102220,"['  #####', '  #.  #', '###   #', '# $*$ #', '#   ###', '#@ .#', '#####']",7,7,"[{'x': 2, 'y': 3, 'state': '$'}, {'x': 3, 'y': 3, 'state': '*'}, {'x': 4, 'y': 3, 'state': '$'}]",1,5,39,38,37,11,1,0,5,tutorial
6790957296019241f9c4f6f3,9594-b4a0871c-d192-4076-849f-725c42fca9e9,enjoyable,3,13340,58579.5,67730,"['  #####', '  #.  #', '###   #', '# $*$ #', '#   ###', '#@ .#', '#####']",7,7,"[{'x': 2, 'y': 3, 'state': '$'}, {'x': 3, 'y': 3, 'state': '*'}, {'x': 4, 'y': 3, 'state': '$'}]",1,5,17,17,17,6,0,0,5,tutorial
6790957296019241f9c4f6e3,5375-ab37d089-2c51-4719-93a9-711288b685d3,difficult,1,29378,121901.70000004768,147415,"['######', '#  $.#', '#@ $.#', '#    #', '######']",6,5,"[{'x': 3, 'y': 2, 'state': '$'}, {'x': 3, 'y': 1, 'state': '$'}]",1,2,6,6,6,2,0,0,3,tutorial
6790957296019241f9c4f6e9,5601-369631c8-7a4d-4e81-bf57-9ddb39b26599,difficult,2,21318,113077.5,128128,"['######', '#    #', '#*$ @#', '#. ###', '######']",6,5,"[{'x': 1, 'y': 2, 'state': '*'}, {'x': 2, 'y': 2, 'state': '$'}]",4,2,10,10,10,2,0,0,4,tutorial
6790957296019241f9c4f6e5,8813-0c5fda1b-9036-4d0d-99a3-ca1909b62dc0,difficult,3,16742,128908.0,140441,"['  #####', '  #.  #', '###   #', '# $*$ #', '#   ###', '#@ .#', '#####']",7,7,"[{'x': 2, 'y': 3, 'state': '$'}, {'x': 3, 'y': 3, 'state': '*'}, {'x': 4, 'y': 3, 'state': '$'}]",1,5,19,19,19,6,0,0,5,tutorial
6790957296019241f9c4f6e8,4864-2d876561-18cc-4580-a9dd-1f7df57f0846,difficult,1,15526,118570.59999999404,131392,"['######', '#  $.#', '#@ $.#', '#    #', '######']",6,5,"[{'x': 3, 'y': 2, 'state': '$'}, {'x': 3, 'y': 1, 'state': '$'}]",1,2,5,5,5,2,0,0,3,tutorial
6790957296019241f9c4f6eb,3984-6085564f-0e03-4d95-8c42-5960925b58d4,difficult,2,29479,99100.29999999999,124318,"['######', '#    #', '#*$ @#', '#. ###', '######']",6,5,"[{'x': 1, 'y': 2, 'state': '*'}, {'x': 2, 'y': 2, 'state': '$'}]",4,2,12,11,11,3,0,1,4,tutorial
6790957296019241f9c4f6e6,2637-6cf188d9-47da-4ce5-ae70-39349d120c9c,difficult,3,19053,131974.0,142401,"['  #####', '  #.  #', '###   #', '# $*$ #', '#   ###', '#@ .#', '#####']",7,7,"[{'x': 2, 'y': 3, 'state': '$'}, {'x': 3, 'y': 3, 'state': '*'}, {'x': 4, 'y': 3, 'state': '$'}]",1,5,17,17,17,6,0,0,5,tutorial
6790957296019241f9c4f6e8,4864-2d876561-18cc-4580-a9dd-1f7df57f0846,difficult,2,18277,134411.5,149979,"['######', '#    #', '#*$ @#', '#. ###', '######']",6,5,"[{'x': 1, 'y': 2, 'state': '*'}, {'x': 2, 'y': 2, 'state': '$'}]",4,2,15,14,14,3,1,0,4,tutorial
6790957296019241f9c4f6f0,1081-f3734232-af29-4083-b525-0e873a53fe8c,enjoyable,1,23485,106401.5,127461,"['######', '#  $.#', '#@ $.#', '#    #', '######']",6,5,"[{'x': 3, 'y': 2, 'state': '$'}, {'x': 3, 'y': 1, 'state': '$'}]",1,2,5,5,5,2,0,0,3,tutorial
6790957296019241f9c4f6e9,5601-369631c8-7a4d-4e81-bf57-9ddb39b26599,difficult,3,34048,134715.29999995232,162495,"['  #####', '  #.  #', '###   #', '# $*$ #', '#   ###', '#@ .#', '#####']",7,7,"[{'x': 2, 'y': 3, 'state': '$'}, {'x': 3, 'y': 3, 'state': '*'}, {'x': 4, 'y': 3, 'state': '$'}]",1,5,17,17,17,6,0,0,5,tutorial
6790957296019241f9c4f6eb,3984-6085564f-0e03-4d95-8c42-5960925b58d4,difficult,3,31803,128893.29999999999,156436,"['  #####', '  #.  #', '###   #', '# $*$ #', '#   ###', '#@ .#', '#####']",7,7,"[{'x': 2, 'y': 3, 'state': '$'}, {'x': 3, 'y': 3, 'state': '*'}, {'x': 4, 'y': 3, 'state': '$'}]",1,5,20,20,17,6,0,0,5,tutorial
6790957296019241f9c4f6ea,6168-52e0099e-01df-47f5-baa9-9ac43994c386,difficult,2,45610,117371.39999997616,158631,"['######', '#    #', '#*$ @#', '#. ###', '######']",6,5,"[{'x': 1, 'y': 2, 'state': '*'}, {'x': 2, 'y': 2, 'state': '$'}]",4,2,42,40,23,5,2,0,4,tutorial
6790957296019241f9c4f6e3,5375-ab37d089-2c51-4719-93a9-711288b685d3,difficult,2,40453,151593.60000002384,188185,"['######', '#    #', '#*$ @#', '#. ###', '######']",6,5,"[{'x': 1, 'y': 2, 'state': '*'}, {'x': 2, 'y': 2, 'state': '$'}]",4,2,10,10,10,2,0,0,4,tutorial
6790957296019241f9c4f6f6,4573-395f7ee2-6647-4ff5-b640-563a6cc0a2a6,enjoyable,1,17608,90577.5,97605,"['######', '#  $.#', '#@ $.#', '#    #', '######']",6,5,"[{'x': 3, 'y': 2, 'state': '$'}, {'x': 3, 'y': 1, 'state': '$'}]",1,2,5,5,5,2,0,0,3,tutorial
6790957296019241f9c4f6e8,4864-2d876561-18cc-4580-a9dd-1f7df57f0846,difficult,3,22186,152997.5,172469,"['  #####', '  #.  #', '###   #', '# $*$ #', '#   ###', '#@ .#', '#####']",7,7,"[{'x': 2, 'y': 3, 'state': '$'}, {'x': 3, 'y': 3, 'state': '*'}, {'x': 4, 'y': 3, 'state': '$'}]",1,5,17,17,17,6,0,0,5,tutorial
6790957296019241f9c4f6da,1618-bb1e82ca-f705-4fe3-9faa-d4c2a384f765,enjoyable,3,53700,194148.20000000298,235483,"['  #####', '  #.  #', '###   #', '# $*$ #', '#   ###', '#@ .#', '#####']",7,7,"[{'x': 2, 'y': 3, 'state': '$'}, {'x': 3, 'y': 3, 'state': '*'}, {'x': 4, 'y': 3, 'state': '$'}]",1,5,45,44,41,12,1,0,5,tutorial
6790957296019241f9c4f6fc,5435-cee71947-0890-4fea-87a7-87436b716833,enjoyable,1,40094,21130.5,58772,"['######', '#  $.#', '#@ $.#', '#    #', '######']",6,5,"[{'x': 3, 'y': 2, 'state': '$'}, {'x': 3, 'y': 1, 'state': '$'}]",1,2,6,5,5,2,1,0,3,tutorial
6790957296019241f9c4f6f0,1081-f3734232-af29-4083-b525-0e873a53fe8c,enjoyable,2,43879,130197.29999995232,171651,"['######', '#    #', '#*$ @#', '#. ###', '######']",6,5,"[{'x': 1, 'y': 2, 'state': '*'}, {'x': 2, 'y': 2, 'state': '$'}]",4,2,10,10,10,2,0,0,4,tutorial
6790957296019241f9c4f6f6,4573-395f7ee2-6647-4ff5-b640-563a6cc0a2a6,enjoyable,2,30250,108498.30000000075,128163,"['######', '#    #', '#*$ @#', '#. ###', '######']",6,5,"[{'x': 1, 'y': 2, 'state': '*'}, {'x': 2, 'y': 2, 'state': '$'}]",4,2,18,14,14,4,0,4,4,tutorial
6790957296019241f9c4f6e3,5375-ab37d089-2c51-4719-93a9-711288b685d3,difficult,3,63454,192364.0,251951,"['  #####', '  #.  #', '###   #', '# $*$ #', '#   ###', '#@ .#', '#####']",7,7,"[{'x': 2, 'y': 3, 'state': '$'}, {'x': 3, 'y': 3, 'state': '*'}, {'x': 4, 'y': 3, 'state': '$'}]",1,5,19,19,17,6,0,0,5,tutorial
6790957296019241f9c4f6ea,6168-52e0099e-01df-47f5-baa9-9ac43994c386,difficult,3,69293,163290.20000004768,228227,"['  #####', '  #.  #', '###   #', '# $*$ #', '#   ###', '#@ .#', '#####']",7,7,"[{'x': 2, 'y': 3, 'state': '$'}, {'x': 3, 'y': 3, 'state': '*'}, {'x': 4, 'y': 3, 'state': '$'}]",1,5,88,85,61,12,2,1,5,tutorial
6790957296019241f9c4f6f0,1081-f3734232-af29-4083-b525-0e873a53fe8c,enjoyable,3,42765,174387.20000004768,214727,"['  #####', '  #.  #', '###   #', '# $*$ #', '#   ###', '#@ .#', '#####']",7,7,"[{'x': 2, 'y': 3, 'state': '$'}, {'x': 3, 'y': 3, 'state': '*'}, {'x': 4, 'y': 3, 'state': '$'}]",1,5,17,17,17,6,0,0,5,tutorial
6790957296019241f9c4f6fc,5435-cee71947-0890-4fea-87a7-87436b716833,enjoyable,2,49156,61532.0,108234,"['######', '#    #', '#*$ @#', '#. ###', '######']",6,5,"[{'x': 1, 'y': 2, 'state': '*'}, {'x': 2, 'y': 2, 'state': '$'}]",4,2,16,13,13,3,0,3,4,tutorial
6790957296019241f9c4f6f6,4573-395f7ee2-6647-4ff5-b640-563a6cc0a2a6,enjoyable,3,48530,139055.0,177006,"['  #####', '  #.  #', '###   #', '# $*$ #', '#   ###', '#@ .#', '#####']",7,7,"[{'x': 2, 'y': 3, 'state': '$'}, {'x': 3, 'y': 3, 'state': '*'}, {'x': 4, 'y': 3, 'state': '$'}]",1,5,31,30,28,7,0,1,5,tutorial
6790957296019241f9c4f6f1,0944-32927126-2235-43ca-9049-176f11d5ed37,enjoyable,1,25364,210843.29999999702,236525,"['######', '#  $.#', '#@ $.#', '#    #', '######']",6,5,"[{'x': 3, 'y': 2, 'state': '$'}, {'x': 3, 'y': 1, 'state': '$'}]",1,2,7,7,7,2,0,0,3,tutorial
6790957296019241f9c4f6fb,6592-26111741-cc3b-49ae-8240-01fbd43601a7,enjoyable,1,29208,117473.40000000596,144294,"['######', '#  $.#', '#@ $.#', '#    #', '######']",6,5,"[{'x': 3, 'y': 2, 'state': '$'}, {'x': 3, 'y': 1, 'state': '$'}]",1,2,8,8,5,2,0,0,3,tutorial
6790957296019241f9c4f6f4,3548-9f9bd540-a039-48f5-8e30-ab9bb98eef5a,enjoyable,1,31785,182569.80000007153,213033,"['######', '#  $.#', '#@ $.#', '#    #', '######']",6,5,"[{'x': 3, 'y': 2, 'state': '$'}, {'x': 3, 'y': 1, 'state': '$'}]",1,2,8,8,7,2,0,0,3,tutorial
6790957296019241f9c4f6ee,5364-1dfb70c2-0310-4462-9da8-7ae9789fb59c,difficult,1,73344,207922.79999999702,256778,"['######', '#  $.#', '#@ $.#', '#    #', '######']",6,5,"[{'x': 3, 'y': 2, 'state': '$'}, {'x': 3, 'y': 1, 'state': '$'}]",1,2,19,12,12,5,2,5,3,tutorial
6790957296019241f9c4f6fc,5435-cee71947-0890-4fea-87a7-87436b716833,enjoyable,3,40607,110995.20000004768,149159,"['  #####', '  #.  #', '###   #', '# $*$ #', '#   ###', '#@ .#', '#####']",7,7,"[{'x': 2, 'y': 3, 'state': '$'}, {'x': 3, 'y': 3, 'state': '*'}, {'x': 4, 'y': 3, 'state': '$'}]",1,5,21,21,21,6,0,0,5,tutorial
6790957296019241f9c4f6f2,2062-58787898-2571-4dbe-ada6-d5d8b01733e0,enjoyable,1,80579,175931.30000019073,252836,"['######', '#  $.#', '#@ $.#', '#    #', '######']",6,5,"[{'x': 3, 'y': 2, 'state': '$'}, {'x': 3, 'y': 1, 'state': '$'}]",1,2,35,30,9,3,3,2,3,tutorial
6790957296019241f9c4f6f1,0944-32927126-2235-43ca-9049-176f11d5ed37,enjoyable,2,24692,236515.5,261522,"['######', '#    #', '#*$ @#', '#. ###', '######']",6,5,"[{'x': 1, 'y': 2, 'state': '*'}, {'x': 2, 'y': 2, 'state': '$'}]",4,2,17,16,15,3,0,1,4,tutorial
6790957296019241f9c4f6ee,5364-1dfb70c2-0310-4462-9da8-7ae9789fb59c,difficult,2,31494,281575.5,288586,"['######', '#    #', '#*$ @#', '#. ###', '######']",6,5,"[{'x': 1, 'y': 2, 'state': '*'}, {'x': 2, 'y': 2, 'state': '$'}]",4,2,16,14,12,3,0,2,4,tutorial
6790957396019241f9c4f6fe,6984-07a123bd-aadc-4394-a7d8-e536ed335409,enjoyable,1,12674,90395.20000004768,101028,"['######', '#  $.#', '#@ $.#', '#    #', '######']",6,5,"[{'x': 3, 'y': 2, 'state': '$'}, {'x': 3, 'y': 1, 'state': '$'}]",1,2,5,5,5,2,0,0,3,tutorial
6790957296019241f9c4f6f5,2959-16ea6cec-9a81-4c72-99f6-9b4eabbfe01b,enjoyable,1,97379,157141.0,251912,"['######', '#  $.#', '#@ $.#', '#    #', '######']",6,5,"[{'x': 3, 'y': 2, 'state': '$'}, {'x': 3, 'y': 1, 'state': '$'}]",1,2,9,5,5,2,3,1,3,tutorial
6790957296019241f9c4f6f4,3548-9f9bd540-a039-48f5-8e30-ab9bb98eef5a,enjoyable,2,42078,214659.80000007153,255418,"['######', '#    #', '#*$ @#', '#. ###', '######']",6,5,"[{'x': 1, 'y': 2, 'state': '*'}, {'x': 2, 'y': 2, 'state': '$'}]",4,2,17,16,14,3,1,0,4,tutorial
6790957296019241f9c4f6fb,6592-26111741-cc3b-49ae-8240-01fbd43601a7,enjoyable,2,55046,146996.80000001192,199659,"['######', '#    #', '#*$ @#', '#. ###', '######']",6,5,"[{'x': 1, 'y': 2, 'state': '*'}, {'x': 2, 'y': 2, 'state': '$'}]",4,2,19,17,17,4,1,1,4,tutorial
6790957296019241f9c4f6f2,2062-58787898-2571-4dbe-ada6-d5d8b01733e0,enjoyable,2,32793,256823.10000038147,285937,"['######', '#    #', '#*$ @#', '#. ###', '######']",6,5,"[{'x': 1, 'y': 2, 'state': '*'}, {'x': 2, 'y': 2, 'state': '$'}]",4,2,10,10,10,2,0,0,4,tutorial
6790957396019241f9c4f6fe,6984-07a123bd-aadc-4394-a7d8-e536ed335409,enjoyable,2,9259,103378.79999995232,110591,"['######', '#    #', '#*$ @#', '#. ###', '######']",6,5,"[{'x': 1, 'y': 2, 'state': '*'}, {'x': 2, 'y': 2, 'state': '$'}]",4,2,10,10,10,2,0,0,4,tutorial
6790957296019241f9c4f6f1,0944-32927126-2235-43ca-9049-176f11d5ed37,enjoyable,3,50498,261512.09999999404,312325,"['  #####', '  #.  #', '###   #', '# $*$ #', '#   ###', '#@ .#', '#####']",7,7,"[{'x': 2, 'y': 3, 'state': '$'}, {'x': 3, 'y': 3, 'state': '*'}, {'x': 4, 'y': 3, 'state': '$'}]",1,5,42,33,33,10,1,8,5,tutorial
6790957296019241f9c4f6fd,5497-69ae086c-e5f2-4e0f-92e3-56a0ce289ac9,enjoyable,1,23293,151608.5,166887,"['######', '#  $.#', '#@ $.#', '#    #', '######']",6,5,"[{'x': 3, 'y': 2, 'state': '$'}, {'x': 3, 'y': 1, 'state': '$'}]",1,2,8,8,8,2,0,0,3,tutorial
6790957296019241f9c4f6ee,5364-1dfb70c2-0310-4462-9da8-7ae9789fb59c,difficult,3,31546,313386.0,320441,"['  #####', '  #.  #', '###   #', '# $*$ #', '#   ###', '#@ .#', '#####']",7,7,"[{'x': 2, 'y': 3, 'state': '$'}, {'x': 3, 'y': 3, 'state': '*'}, {'x': 4, 'y': 3, 'state': '$'}]",1,5,17,17,17,6,0,0,5,tutorial
6790957396019241f9c4f6fe,6984-07a123bd-aadc-4394-a7d8-e536ed335409,enjoyable,3,23378,112943.70000004768,134281,"['  #####', '  #.  #', '###   #', '# $*$ #', '#   ###', '#@ .#', '#####']",7,7,"[{'x': 2, 'y': 3, 'state': '$'}, {'x': 3, 'y': 3, 'state': '*'}, {'x': 4, 'y': 3, 'state': '$'}]",1,5,17,17,17,6,0,0,5,tutorial
6790957296019241f9c4f6fd,5497-69ae086c-e5f2-4e0f-92e3-56a0ce289ac9,enjoyable,2,15943,175225.09999990463,183156,"['######', '#    #', '#*$ @#', '#. ###', '######']",6,5,"[{'x': 1, 'y': 2, 'state': '*'}, {'x': 2, 'y': 2, 'state': '$'}]",4,2,10,10,10,2,0,0,4,tutorial
6790957296019241f9c4f6f4,3548-9f9bd540-a039-48f5-8e30-ab9bb98eef5a,enjoyable,3,51787,257044.10000002384,307508,"['  #####', '  #.  #', '###   #', '# $*$ #', '#   ###', '#@ .#', '#####']",7,7,"[{'x': 2, 'y': 3, 'state': '$'}, {'x': 3, 'y': 3, 'state': '*'}, {'x': 4, 'y': 3, 'state': '$'}]",1,5,42,41,40,9,1,0,5,tutorial
6790957296019241f9c4f6e4,3597-0e5653b6-361d-47de-a030-16129665a943,difficult,1,41674,351372.40000009537,384682,"['######', '#  $.#', '#@ $.#', '#    #', '######']",6,5,"[{'x': 3, 'y': 2, 'state': '$'}, {'x': 3, 'y': 1, 'state': '$'}]",1,2,8,8,8,2,0,0,3,tutorial
6790957296019241f9c4f6f2,2062-58787898-2571-4dbe-ada6-d5d8b01733e0,enjoyable,3,54203,289926.80000019073,340462,"['  #####', '  #.  #', '###   #', '# $*$ #', '#   ###', '#@ .#', '#####']",7,7,"[{'x': 2, 'y': 3, 'state': '$'}, {'x': 3, 'y': 3, 'state': '*'}, {'x': 4, 'y': 3, 'state': '$'}]",1,5,20,20,19,6,0,0,5,tutorial
6790957296019241f9c4f6fd,5497-69ae086c-e5f2-4e0f-92e3-56a0ce289ac9,enjoyable,3,24555,191494.39999985695,208021,"['  #####', '  #.  #', '###   #', '# $*$ #', '#   ###', '#@ .#', '#####']",7,7,"[{'x': 2, 'y': 3, 'state': '$'}, {'x': 3, 'y': 3, 'state': '*'}, {'x': 4, 'y': 3, 'state': '$'}]",1,5,18,18,17,6,0,0,5,tutorial
6790957296019241f9c4f6fb,6592-26111741-cc3b-49ae-8240-01fbd43601a7,enjoyable,3,73923,202361.90000000596,273899,"['  #####', '  #.  #', '###   #', '# $*$ #', '#   ###', '#@ .#', '#####']",7,7,"[{'x': 2, 'y': 3, 'state': '$'}, {'x': 3, 'y': 3, 'state': '*'}, {'x': 4, 'y': 3, 'state': '$'}]",1,5,38,37,34,11,1,0,5,tutorial
6790957296019241f9c4f6ec,3558-581c16ab-e94a-4712-875c-aa00c3ad0c18,difficult,1,49826,331810.39999997616,376757,"['######', '#  $.#', '#@ $.#', '#    #', '######']",6,5,"[{'x': 3, 'y': 2, 'state': '$'}, {'x': 3, 'y': 1, 'state': '$'}]",1,2,5,5,5,2,0,0,3,tutorial
6790957296019241f9c4f6f5,2959-16ea6cec-9a81-4c72-99f6-9b4eabbfe01b,enjoyable,2,92886,254823.5,345109,"['######', '#    #', '#*$ @#', '#. ###', '######']",6,5,"[{'x': 1, 'y': 2, 'state': '*'}, {'x': 2, 'y': 2, 'state': '$'}]",4,2,27,25,20,3,2,0,4,tutorial
6790957296019241f9c4f6dd,9306-9ca11d40-b1d9-4087-903e-4e3017d5fe73,difficult,1,118796,347132.700000003,453539,"['######', '#  $.#', '#@ $.#', '#    #', '######']",6,5,"[{'x': 3, 'y': 2, 'state': '$'}, {'x': 3, 'y': 1, 'state': '$'}]",1,2,11,5,5,2,3,3,3,tutorial
6790957296019241f9c4f6e4,3597-0e5653b6-361d-47de-a030-16129665a943,difficult,2,50570,393352.90000009537,435566,"['######', '#    #', '#*$ @#', '#. ###', '######']",6,5,"[{'x': 1, 'y': 2, 'state': '*'}, {'x': 2, 'y': 2, 'state': '$'}]",4,2,10,10,10,2,0,0,4,tutorial
6790957296019241f9c4f6ed,6384-911d9784-6aa8-4303-a5d9-8e3cf05f3fc3,difficult,1,20694,423840.8000000715,437121,"['######', '#  $.#', '#@ $.#', '#    #', '######']",6,5,"[{'x': 3, 'y': 2, 'state': '$'}, {'x': 3, 'y': 1, 'state': '$'}]",1,2,5,5,5,2,0,0,3,tutorial
6790957296019241f9c4f6e4,3597-0e5653b6-361d-47de-a030-16129665a943,difficult,3,43369,444236.2000000477,479241,"['  #####', '  #.  #', '###   #', '# $*$ #', '#   ###', '#@ .#', '#####']",7,7,"[{'x': 2, 'y': 3, 'state': '$'}, {'x': 3, 'y': 3, 'state': '*'}, {'x': 4, 'y': 3, 'state': '$'}]",1,5,21,21,19,6,0,0,5,tutorial
6790957296019241f9c4f6dd,9306-9ca11d40-b1d9-4087-903e-4e3017d5fe73,difficult,2,66828,466239.90000000596,520684,"['######', '#    #', '#*$ @#', '#. ###', '######']",6,5,"[{'x': 1, 'y': 2, 'state': '*'}, {'x': 2, 'y': 2, 'state': '$'}]",4,2,19,16,13,3,0,3,4,tutorial
6790957296019241f9c4f6ed,6384-911d9784-6aa8-4303-a5d9-8e3cf05f3fc3,difficult,2,41878,444840.7000000477,479303,"['######', '#    #', '#*$ @#', '#. ###', '######']",6,5,"[{'x': 1, 'y': 2, 'state': '*'}, {'x': 2, 'y': 2, 'state': '$'}]",4,2,34,23,21,6,1,10,4,tutorial
6790957296019241f9c4f6f5,2959-16ea6cec-9a81-4c72-99f6-9b4eabbfe01b,enjoyable,3,93253,348019.2000000477,438678,"['  #####', '  #.  #', '###   #', '# $*$ #', '#   ###', '#@ .#', '#####']",7,7,"[{'x': 2, 'y': 3, 'state': '$'}, {'x': 3, 'y': 3, 'state': '*'}, {'x': 4, 'y': 3, 'state': '$'}]",1,5,19,19,19,6,0,0,5,tutorial
6790957296019241f9c4f6dd,9306-9ca11d40-b1d9-4087-903e-4e3017d5fe73,difficult,3,33855,533384.799999997,554857,"['  #####', '  #.  #', '###   #', '# $*$ #', '#   ###', '#@ .#', '#####']",7,7,"[{'x': 2, 'y': 3, 'state': '$'}, {'x': 3, 'y': 3, 'state': '*'}, {'x': 4, 'y': 3, 'state': '$'}]",1,5,17,17,17,6,0,0,5,tutorial
6790957296019241f9c4f6ed,6384-911d9784-6aa8-4303-a5d9-8e3cf05f3fc3,difficult,3,23293,487022.90000009537,502913,"['  #####', '  #.  #', '###   #', '# $*$ #', '#   ###', '#@ .#', '#####']",7,7,"[{'x': 2, 'y': 3, 'state': '$'}, {'x': 3, 'y': 3, 'state': '*'}, {'x': 4, 'y': 3, 'state': '$'}]",1,5,17,17,17,6,0,0,5,tutorial
6790957296019241f9c4f6ec,3558-581c16ab-e94a-4712-875c-aa00c3ad0c18,difficult,2,130122,381949.5,507187,"['######', '#    #', '#*$ @#', '#. ###', '######']",6,5,"[{'x': 1, 'y': 2, 'state': '*'}, {'x': 2, 'y': 2, 'state': '$'}]",4,2,33,32,27,3,1,0,4,tutorial
6790957396019241f9c4f707,1868-5f36b54e-a446-4591-b505-02703f7fe668,difficult,1,23367,90560.19999998808,101666,"['######', '#  $.#', '#@ $.#', '#    #', '######']",6,5,"[{'x': 3, 'y': 2, 'state': '$'}, {'x': 3, 'y': 1, 'state': '$'}]",1,2,5,5,5,2,0,0,3,tutorial
6790957396019241f9c4f707,1868-5f36b54e-a446-4591-b505-02703f7fe668,difficult,2,22351,114243.09999999404,124335,"['######', '#    #', '#*$ @#', '#. ###', '######']",6,5,"[{'x': 1, 'y': 2, 'state': '*'}, {'x': 2, 'y': 2, 'state': '$'}]",4,2,21,16,15,3,0,5,4,tutorial
6790957296019241f9c4f6ec,3558-581c16ab-e94a-4712-875c-aa00c3ad0c18,difficult,3,63483,512380.89999997616,570982,"['  #####', '  #.  #', '###   #', '# $*$ #', '#   ###', '#@ .#', '#####']",7,7,"[{'x': 2, 'y': 3, 'state': '$'}, {'x': 3, 'y': 3, 'state': '*'}, {'x': 4, 'y': 3, 'state': '$'}]",1,5,20,20,19,6,0,0,5,tutorial
6790957396019241f9c4f707,1868-5f36b54e-a446-4591-b505-02703f7fe668,difficult,3,41966,136915.0,166620,"['  #####', '  #.  #', '###   #', '# $*$ #', '#   ###', '#@ .#', '#####']",7,7,"[{'x': 2, 'y': 3, 'state': '$'}, {'x': 3, 'y': 3, 'state': '*'}, {'x': 4, 'y': 3, 'state': '$'}]",1,5,48,47,38,9,1,0,5,tutorial
6790957396019241f9c4f6ff,1045-aa63ae58-d937-4a55-9758-7b4499b6d35d,enjoyable,1,45846,382059.90000000224,417049,"['######', '#  $.#', '#@ $.#', '#    #', '######']",6,5,"[{'x': 3, 'y': 2, 'state': '$'}, {'x': 3, 'y': 1, 'state': '$'}]",1,2,7,7,7,2,0,0,3,tutorial
6790957396019241f9c4f6ff,1045-aa63ae58-d937-4a55-9758-7b4499b6d35d,enjoyable,2,78165,428215.80000000075,495526,"['######', '#    #', '#*$ @#', '#. ###', '######']",6,5,"[{'x': 1, 'y': 2, 'state': '*'}, {'x': 2, 'y': 2, 'state': '$'}]",4,2,10,10,10,2,0,0,4,tutorial
6790957396019241f9c4f6ff,1045-aa63ae58-d937-4a55-9758-7b4499b6d35d,enjoyable,3,61372,506688.69999999925,557208,"['  #####', '  #.  #', '###   #', '# $*$ #', '#   ###', '#@ .#', '#####']",7,7,"[{'x': 2, 'y': 3, 'state': '$'}, {'x': 3, 'y': 3, 'state': '*'}, {'x': 4, 'y': 3, 'state': '$'}]",1,5,17,17,17,6,0,0,5,tutorial
6790957296019241f9c4f6e7,7828-9600a188-1b85-4f18-938d-08563f8de99d,difficult,1,74735,943344.8000000119,1006847,"['######', '#  $.#', '#@ $.#', '#    #', '######']",6,5,"[{'x': 3, 'y': 2, 'state': '$'}, {'x': 3, 'y': 1, 'state': '$'}]",1,2,39,34,14,3,0,5,3,tutorial
6790957296019241f9c4f6e7,7828-9600a188-1b85-4f18-938d-08563f8de99d,difficult,2,65554,1018404.3999999762,1072723,"['######', '#    #', '#*$ @#', '#. ###', '######']",6,5,"[{'x': 1, 'y': 2, 'state': '*'}, {'x': 2, 'y': 2, 'state': '$'}]",4,2,25,24,21,4,1,0,4,tutorial
6790957296019241f9c4f6e7,7828-9600a188-1b85-4f18-938d-08563f8de99d,difficult,3,47706,1084274.800000012,1120745,"['  #####', '  #.  #', '###   #', '# $*$ #', '#   ###', '#@ .#', '#####']",7,7,"[{'x': 2, 'y': 3, 'state': '$'}, {'x': 3, 'y': 3, 'state': '*'}, {'x': 4, 'y': 3, 'state': '$'}]",1,5,18,18,17,6,0,0,5,tutorial
6790957396019241f9c4f708,7980-44188e71-07a9-4b10-9443-e403fb260878,difficult,1,137743,401941.0,523207,"['######', '#  $.#', '#@ $.#', '#    #', '######']",6,5,"[{'x': 3, 'y': 2, 'state': '$'}, {'x': 3, 'y': 1, 'state': '$'}]",1,2,26,17,14,4,7,2,3,tutorial
6790957396019241f9c4f708,7980-44188e71-07a9-4b10-9443-e403fb260878,difficult,2,18990,540038.0,542521,"['######', '#    #', '#*$ @#', '#. ###', '######']",6,5,"[{'x': 1, 'y': 2, 'state': '*'}, {'x': 2, 'y': 2, 'state': '$'}]",4,2,10,10,10,2,0,0,4,tutorial
6790957396019241f9c4f70a,8641-7fc6dedf-1b2d-432e-a54e-66ee2a1555ef,difficult,1,15290,153999.39999997616,167036,"['######', '#  $.#', '#@ $.#', '#    #', '######']",6,5,"[{'x': 3, 'y': 2, 'state': '$'}, {'x': 3, 'y': 1, 'state': '$'}]",1,2,6,6,6,2,0,0,3,tutorial
6790957396019241f9c4f708,7980-44188e71-07a9-4b10-9443-e403fb260878,difficult,3,36901,559348.0,579739,"['  #####', '  #.  #', '###   #', '# $*$ #', '#   ###', '#@ .#', '#####']",7,7,"[{'x': 2, 'y': 3, 'state': '$'}, {'x': 3, 'y': 3, 'state': '*'}, {'x': 4, 'y': 3, 'state': '$'}]",1,5,17,17,17,6,0,0,5,tutorial
6790957396019241f9c4f70a,8641-7fc6dedf-1b2d-432e-a54e-66ee2a1555ef,difficult,2,29608,169592.79999995232,196947,"['######', '#    #', '#*$ @#', '#. ###', '######']",6,5,"[{'x': 1, 'y': 2, 'state': '*'}, {'x': 2, 'y': 2, 'state': '$'}]",4,2,39,24,23,4,0,15,4,tutorial
6790957396019241f9c4f70a,8641-7fc6dedf-1b2d-432e-a54e-66ee2a1555ef,difficult,3,24099,199504.39999997616,221348,"['  #####', '  #.  #', '###   #', '# $*$ #', '#   ###', '#@ .#', '#####']",7,7,"[{'x': 2, 'y': 3, 'state': '$'}, {'x': 3, 'y': 3, 'state': '*'}, {'x': 4, 'y': 3, 'state': '$'}]",1,5,34,34,33,6,0,0,5,tutorial
6790957396019241f9c4f705,0489-ce115b3f-7373-4787-a922-530db263a032,difficult,1,12598,1066122.5999999996,1056414,"['######', '#  $.#', '#@ $.#', '#    #', '######']",6,5,"[{'x': 3, 'y': 2, 'state': '$'}, {'x': 3, 'y': 1, 'state': '$'}]",1,2,5,5,5,2,0,0,3,tutorial
6790957396019241f9c4f705,0489-ce115b3f-7373-4787-a922-530db263a032,difficult,2,26911,1079047.0,1083653,"['######', '#    #', '#*$ @#', '#. ###', '######']",6,5,"[{'x': 1, 'y': 2, 'state': '*'}, {'x': 2, 'y': 2, 'state': '$'}]",4,2,11,11,10,2,0,0,4,tutorial
6790957396019241f9c4f705,0489-ce115b3f-7373-4787-a922-530db263a032,difficult,3,40751,1106277.8999999994,1124720,"['  #####', '  #.  #', '###   #', '# $*$ #', '#   ###', '#@ .#', '#####']",7,7,"[{'x': 2, 'y': 3, 'state': '$'}, {'x': 3, 'y': 3, 'state': '*'}, {'x': 4, 'y': 3, 'state': '$'}]",1,5,17,17,17,6,0,0,5,tutorial
6790957296019241f9c4f6e1,7204-92658df1-0813-4b78-a319-d949238063d6,difficult,1,15813,1772572.7999999523,1785399,"['######', '#  $.#', '#@ $.#', '#    #', '######']",6,5,"[{'x': 3, 'y': 2, 'state': '$'}, {'x': 3, 'y': 1, 'state': '$'}]",1,2,5,5,5,2,0,0,3,tutorial
6790957296019241f9c4f6e1,7204-92658df1-0813-4b78-a319-d949238063d6,difficult,2,18768,1788692.7999999523,1804472,"['######', '#    #', '#*$ @#', '#. ###', '######']",6,5,"[{'x': 1, 'y': 2, 'state': '*'}, {'x': 2, 'y': 2, 'state': '$'}]",4,2,19,19,16,2,0,0,4,tutorial
6790957396019241f9c4f709,9622-c35366f0-841c-4f09-b0ce-eba1e8c86c33,difficult,1,59188,660784.8000000715,711616,"['######', '#  $.#', '#@ $.#', '#    #', '######']",6,5,"[{'x': 3, 'y': 2, 'state': '$'}, {'x': 3, 'y': 1, 'state': '$'}]",1,2,6,6,6,2,0,0,3,tutorial
6790957296019241f9c4f6e1,7204-92658df1-0813-4b78-a319-d949238063d6,difficult,3,27883,1807764.8999999762,1832674,"['  #####', '  #.  #', '###   #', '# $*$ #', '#   ###', '#@ .#', '#####']",7,7,"[{'x': 2, 'y': 3, 'state': '$'}, {'x': 3, 'y': 3, 'state': '*'}, {'x': 4, 'y': 3, 'state': '$'}]",1,5,26,26,25,6,0,0,5,tutorial
6790957396019241f9c4f709,9622-c35366f0-841c-4f09-b0ce-eba1e8c86c33,difficult,2,32532,720299.3000000715,744471,"['######', '#    #', '#*$ @#', '#. ###', '######']",6,5,"[{'x': 1, 'y': 2, 'state': '*'}, {'x': 2, 'y': 2, 'state': '$'}]",4,2,10,10,10,2,0,0,4,tutorial
6790957396019241f9c4f709,9622-c35366f0-841c-4f09-b0ce-eba1e8c86c33,difficult,3,98704,753152.8000000715,843495,"['  #####', '  #.  #', '###   #', '# $*$ #', '#   ###', '#@ .#', '#####']",7,7,"[{'x': 2, 'y': 3, 'state': '$'}, {'x': 3, 'y': 3, 'state': '*'}, {'x': 4, 'y': 3, 'state': '$'}]",1,5,26,26,21,6,0,0,5,tutorial
6790957396019241f9c4f70b,5894-7e9b4902-e770-4177-aa68-f5ab400cbdc4,difficult,1,26982,166051.10000002384,151699,"['######', '#  $.#', '#@ $.#', '#    #', '######']",6,5,"[{'x': 3, 'y': 2, 'state': '$'}, {'x': 3, 'y': 1, 'state': '$'}]",1,2,5,5,5,2,0,0,3,tutorial
6790957396019241f9c4f70b,5894-7e9b4902-e770-4177-aa68-f5ab400cbdc4,difficult,2,40230,193346.0,192245,"['######', '#    #', '#*$ @#', '#. ###', '######']",6,5,"[{'x': 1, 'y': 2, 'state': '*'}, {'x': 2, 'y': 2, 'state': '$'}]",4,2,10,10,10,2,0,0,4,tutorial
6790957396019241f9c4f70b,5894-7e9b4902-e770-4177-aa68-f5ab400cbdc4,difficult,3,79596,233890.40000003576,272155,"['  #####', '  #.  #', '###   #', '# $*$ #', '#   ###', '#@ .#', '#####']",7,7,"[{'x': 2, 'y': 3, 'state': '$'}, {'x': 3, 'y': 3, 'state': '*'}, {'x': 4, 'y': 3, 'state': '$'}]",1,5,34,32,29,7,0,2,5,tutorial
6790957396019241f9c4f70d,0094-1aa919a3-7863-4629-911e-07ef26a06c5c,difficult,1,21630,95526.90000000596,113735,"['######', '#  $.#', '#@ $.#', '#    #', '######']",6,5,"[{'x': 3, 'y': 2, 'state': '$'}, {'x': 3, 'y': 1, 'state': '$'}]",1,2,7,6,6,2,0,1,3,tutorial
6790957396019241f9c4f70d,0094-1aa919a3-7863-4629-911e-07ef26a06c5c,difficult,2,17848,117465.40000000596,131899,"['######', '#    #', '#*$ @#', '#. ###', '######']",6,5,"[{'x': 1, 'y': 2, 'state': '*'}, {'x': 2, 'y': 2, 'state': '$'}]",4,2,20,15,15,4,0,5,4,tutorial
6790957396019241f9c4f70d,0094-1aa919a3-7863-4629-911e-07ef26a06c5c,difficult,3,12161,135630.0,144367,"['  #####', '  #.  #', '###   #', '# $*$ #', '#   ###', '#@ .#', '#####']",7,7,"[{'x': 2, 'y': 3, 'state': '$'}, {'x': 3, 'y': 3, 'state': '*'}, {'x': 4, 'y': 3, 'state': '$'}]",1,5,17,17,17,6,0,0,5,tutorial
6790957396019241f9c4f711,6109-a184f8cb-a5b5-4468-9faa-7fc8adc2ca8b,difficult,1,14058,41680.0,52178,"['######', '#  $.#', '#@ $.#', '#    #', '######']",6,5,"[{'x': 3, 'y': 2, 'state': '$'}, {'x': 3, 'y': 1, 'state': '$'}]",1,2,6,6,6,2,0,0,3,tutorial
6790957396019241f9c4f711,6109-a184f8cb-a5b5-4468-9faa-7fc8adc2ca8b,difficult,2,22692,56052.0,75179,"['######', '#    #', '#*$ @#', '#. ###', '######']",6,5,"[{'x': 1, 'y': 2, 'state': '*'}, {'x': 2, 'y': 2, 'state': '$'}]",4,2,10,10,10,2,0,0,4,tutorial
6790957396019241f9c4f711,6109-a184f8cb-a5b5-4468-9faa-7fc8adc2ca8b,difficult,3,13137,79055.0,88633,"['  #####', '  #.  #', '###   #', '# $*$ #', '#   ###', '#@ .#', '#####']",7,7,"[{'x': 2, 'y': 3, 'state': '$'}, {'x': 3, 'y': 3, 'state': '*'}, {'x': 4, 'y': 3, 'state': '$'}]",1,5,18,18,17,6,0,0,5,tutorial
6790957396019241f9c4f718,8084-5dfe77ae-e04e-483d-9a16-a9192635e882,enjoyable,1,8947,60546.5,68068,"['######', '#  $.#', '#@ $.#', '#    #', '######']",6,5,"[{'x': 3, 'y': 2, 'state': '$'}, {'x': 3, 'y': 1, 'state': '$'}]",1,2,5,5,5,2,0,0,3,tutorial
6790957396019241f9c4f71b,3896-25b5ba92-de74-4d13-9a5e-d133e3937c5c,enjoyable,1,12216,52293.89999961853,63302,"['######', '#  $.#', '#@ $.#', '#    #', '######']",6,5,"[{'x': 3, 'y': 2, 'state': '$'}, {'x': 3, 'y': 1, 'state': '$'}]",1,2,6,6,6,2,0,0,3,tutorial
6790957396019241f9c4f715,2216-9bd2f0e1-53c9-4ece-b5a0-78a0d97c2101,difficult,1,15347,94182.10000002384,108421,"['######', '#  $.#', '#@ $.#', '#    #', '######']",6,5,"[{'x': 3, 'y': 2, 'state': '$'}, {'x': 3, 'y': 1, 'state': '$'}]",1,2,5,5,5,2,0,0,3,tutorial
6790957396019241f9c4f718,8084-5dfe77ae-e04e-483d-9a16-a9192635e882,enjoyable,2,8621,69796.19999998808,76992,"['######', '#    #', '#*$ @#', '#. ###', '######']",6,5,"[{'x': 1, 'y': 2, 'state': '*'}, {'x': 2, 'y': 2, 'state': '$'}]",4,2,10,10,10,2,0,0,4,tutorial
6790957396019241f9c4f714,5138-8a669d09-a2e6-4493-a989-8763ce3049f9,difficult,1,16188,107796.40000009537,120969,"['######', '#  $.#', '#@ $.#', '#    #', '######']",6,5,"[{'x': 3, 'y': 2, 'state': '$'}, {'x': 3, 'y': 1, 'state': '$'}]",1,2,5,5,5,2,0,0,3,tutorial
6790957396019241f9c4f718,8084-5dfe77ae-e04e-483d-9a16-a9192635e882,enjoyable,3,13987,78720.29999995232,91282,"['  #####', '  #.  #', '###   #', '# $*$ #', '#   ###', '#@ .#', '#####']",7,7,"[{'x': 2, 'y': 3, 'state': '$'}, {'x': 3, 'y': 3, 'state': '*'}, {'x': 4, 'y': 3, 'state': '$'}]",1,5,17,17,17,6,0,0,5,tutorial
6790957396019241f9c4f71b,3896-25b5ba92-de74-4d13-9a5e-d133e3937c5c,enjoyable,2,25386,64827.599999427795,89001,"['######', '#    #', '#*$ @#', '#. ###', '######']",6,5,"[{'x': 1, 'y': 2, 'state': '*'}, {'x': 2, 'y': 2, 'state': '$'}]",4,2,18,14,14,3,0,4,4,tutorial
6790957396019241f9c4f712,0114-5172ef1f-750b-4fb4-a553-8d4a8b201dfd,difficult,1,23503,137190.69999998808,155277,"['######', '#  $.#', '#@ $.#', '#    #', '######']",6,5,"[{'x': 3, 'y': 2, 'state': '$'}, {'x': 3, 'y': 1, 'state': '$'}]",1,2,7,7,7,2,0,0,3,tutorial
6790957396019241f9c4f70f,4307-3b7e2100-d4f5-49ad-8099-d892b86898dc,difficult,1,23631,141092.10000002384,163254,"['######', '#  $.#', '#@ $.#', '#    #', '######']",6,5,"[{'x': 3, 'y': 2, 'state': '$'}, {'x': 3, 'y': 1, 'state': '$'}]",1,2,6,5,5,2,1,0,3,tutorial
6790957396019241f9c4f71b,9657-0e8343a5-3cb5-4177-89bd-ccb14b8ca382,enjoyable,1,12178,97786.89999997616,107266,"['######', '#  $.#', '#@ $.#', '#    #', '######']",6,5,"[{'x': 3, 'y': 2, 'state': '$'}, {'x': 3, 'y': 1, 'state': '$'}]",1,2,6,6,6,2,0,0,3,tutorial
6790957396019241f9c4f715,2216-9bd2f0e1-53c9-4ece-b5a0-78a0d97c2101,difficult,2,41143,109837.29999995232,149875,"['######', '#    #', '#*$ @#', '#. ###', '######']",6,5,"[{'x': 1, 'y': 2, 'state': '*'}, {'x': 2, 'y': 2, 'state': '$'}]",4,2,16,14,12,3,0,2,4,tutorial
6790957396019241f9c4f71c,5760-5c35b845-f130-43a4-ae58-5610e575cced,enjoyable,1,14788,88387.5,97965,"['######', '#  $.#', '#@ $.#', '#    #', '######']",6,5,"[{'x': 3, 'y': 2, 'state': '$'}, {'x': 3, 'y': 1, 'state': '$'}]",1,2,5,5,5,2,0,0,3,tutorial
6790957396019241f9c4f714,5138-8a669d09-a2e6-4493-a989-8763ce3049f9,difficult,2,41235,124288.80000007153,162508,"['######', '#    #', '#*$ @#', '#. ###', '######']",6,5,"[{'x': 1, 'y': 2, 'state': '*'}, {'x': 2, 'y': 2, 'state': '$'}]",4,2,12,11,11,3,0,1,4,tutorial
6790957396019241f9c4f721,9803-6ddc3fe3-d3b3-461a-b1ee-de9e184b817d,enjoyable,1,27376,65133.5,90057,"['######', '#  $.#', '#@ $.#', '#    #', '######']",6,5,"[{'x': 3, 'y': 2, 'state': '$'}, {'x': 3, 'y': 1, 'state': '$'}]",1,2,7,5,5,2,2,0,3,tutorial
6790957396019241f9c4f71b,9657-0e8343a5-3cb5-4177-89bd-ccb14b8ca382,enjoyable,2,11221,110276.5,118790,"['######', '#    #', '#*$ @#', '#. ###', '######']",6,5,"[{'x': 1, 'y': 2, 'state': '*'}, {'x': 2, 'y': 2, 'state': '$'}]",4,2,10,10,10,2,0,0,4,tutorial
6790957396019241f9c4f71c,5760-5c35b845-f130-43a4-ae58-5610e575cced,enjoyable,2,12591,103477.79999999888,110864,"['######', '#    #', '#*$ @#', '#. ###', '######']",6,5,"[{'x': 1, 'y': 2, 'state': '*'}, {'x': 2, 'y': 2, 'state': '$'}]",4,2,10,10,10,2,0,0,4,tutorial
6790957396019241f9c4f71b,3896-25b5ba92-de74-4d13-9a5e-d133e3937c5c,enjoyable,3,34485,90526.0999994278,123804,"['  #####', '  #.  #', '###   #', '# $*$ #', '#   ###', '#@ .#', '#####']",7,7,"[{'x': 2, 'y': 3, 'state': '$'}, {'x': 3, 'y': 3, 'state': '*'}, {'x': 4, 'y': 3, 'state': '$'}]",1,5,17,17,17,6,0,0,5,tutorial
6790957396019241f9c4f70f,4307-3b7e2100-d4f5-49ad-8099-d892b86898dc,difficult,2,33244,165029.30000001192,196802,"['######', '#    #', '#*$ @#', '#. ###', '######']",6,5,"[{'x': 1, 'y': 2, 'state': '*'}, {'x': 2, 'y': 2, 'state': '$'}]",4,2,14,13,12,2,1,0,4,tutorial
6790957396019241f9c4f71c,5760-5c35b845-f130-43a4-ae58-5610e575cced,enjoyable,3,20438,116377.59999999963,131611,"['  #####', '  #.  #', '###   #', '# $*$ #', '#   ###', '#@ .#', '#####']",7,7,"[{'x': 2, 'y': 3, 'state': '$'}, {'x': 3, 'y': 3, 'state': '*'}, {'x': 4, 'y': 3, 'state': '$'}]",1,5,21,21,21,6,0,0,5,tutorial
6790957396019241f9c4f712,0114-5172ef1f-750b-4fb4-a553-8d4a8b201dfd,difficult,2,47523,161005.59999996424,203110,"['######', '#    #', '#*$ @#', '#. ###', '######']",6,5,"[{'x': 1, 'y': 2, 'state': '*'}, {'x': 2, 'y': 2, 'state': '$'}]",4,2,19,15,14,4,0,4,4,tutorial
6790957396019241f9c4f722,2642-2733cf46-6dd9-4b58-aeb6-01dbdbaadc96,enjoyable,1,18018,74898.29999999981,91743,"['######', '#  $.#', '#@ $.#', '#    #', '######']",6,5,"[{'x': 3, 'y': 2, 'state': '$'}, {'x': 3, 'y': 1, 'state': '$'}]",1,2,5,5,5,2,0,0,3,tutorial
6790957396019241f9c4f71b,9657-0e8343a5-3cb5-4177-89bd-ccb14b8ca382,enjoyable,3,29531,121800.0,148626,"['  #####', '  #.  #', '###   #', '# $*$ #', '#   ###', '#@ .#', '#####']",7,7,"[{'x': 2, 'y': 3, 'state': '$'}, {'x': 3, 'y': 3, 'state': '*'}, {'x': 4, 'y': 3, 'state': '$'}]",1,5,17,17,17,6,0,0,5,tutorial
6790957396019241f9c4f71e,9106-6ab247a9-b6c9-46e3-82d3-0e0502564fff,enjoyable,1,23164,108685.0,129845,"['######', '#  $.#', '#@ $.#', '#    #', '######']",6,5,"[{'x': 3, 'y': 2, 'state': '$'}, {'x': 3, 'y': 1, 'state': '$'}]",1,2,5,5,5,2,0,0,3,tutorial
6790957396019241f9c4f714,5138-8a669d09-a2e6-4493-a989-8763ce3049f9,difficult,3,33548,165828.30000007153,196369,"['  #####', '  #.  #', '###   #', '# $*$ #', '#   ###', '#@ .#', '#####']",7,7,"[{'x': 2, 'y': 3, 'state': '$'}, {'x': 3, 'y': 3, 'state': '*'}, {'x': 4, 'y': 3, 'state': '$'}]",1,5,17,17,17,6,0,0,5,tutorial
6790957396019241f9c4f717,0767-a231ee78-a3a7-4789-b317-c73ca20977b5,enjoyable,1,18871,203675.09999999404,191145,"['######', '#  $.#', '#@ $.#', '#    #', '######']",6,5,"[{'x': 3, 'y': 2, 'state': '$'}, {'x': 3, 'y': 1, 'state': '$'}]",1,2,5,5,5,2,0,0,3,tutorial
6790957396019241f9c4f71f,5507-3fbfc775-3539-45c7-95e8-fae084fd3f99,enjoyable,1,15229,151123.0,140885,"['######', '#  $.#', '#@ $.#', '#    #', '######']",6,5,"[{'x': 3, 'y': 2, 'state': '$'}, {'x': 3, 'y': 1, 'state': '$'}]",1,2,5,5,5,2,0,0,3,tutorial
6790957396019241f9c4f721,9803-6ddc3fe3-d3b3-461a-b1ee-de9e184b817d,enjoyable,2,47115,92816.10000002384,137478,"['######', '#    #', '#*$ @#', '#. ###', '######']",6,5,"[{'x': 1, 'y': 2, 'state': '*'}, {'x': 2, 'y': 2, 'state': '$'}]",4,2,41,39,26,5,2,0,4,tutorial
6790957496019241f9c4f72a,5309-8cc7495e-5700-4cbf-b2dd-37e211274e0e,enjoyable,1,27394,70503.09999990463,95101,"['######', '#  $.#', '#@ $.#', '#    #', '######']",6,5,"[{'x': 3, 'y': 2, 'state': '$'}, {'x': 3, 'y': 1, 'state': '$'}]",1,2,6,6,6,2,0,0,3,tutorial
6790957496019241f9c4f72b,6476-0fb36e47-b958-4bea-a63d-a42ce65c9cd0,difficult,1,8080,64532.89999997616,70755,"['######', '#  $.#', '#@ $.#', '#    #', '######']",6,5,"[{'x': 3, 'y': 2, 'state': '$'}, {'x': 3, 'y': 1, 'state': '$'}]",1,2,5,5,5,2,0,0,3,tutorial
6790957396019241f9c4f71e,9106-6ab247a9-b6c9-46e3-82d3-0e0502564fff,enjoyable,2,22479,132162.0,152627,"['######', '#    #', '#*$ @#', '#. ###', '######']",6,5,"[{'x': 1, 'y': 2, 'state': '*'}, {'x': 2, 'y': 2, 'state': '$'}]",4,2,10,10,10,2,0,0,4,tutorial
6790957396019241f9c4f717,0767-a231ee78-a3a7-4789-b317-c73ca20977b5,enjoyable,2,24807,222850.19999999553,216256,"['######', '#    #', '#*$ @#', '#. ###', '######']",6,5,"[{'x': 1, 'y': 2, 'state': '*'}, {'x': 2, 'y': 2, 'state': '$'}]",4,2,10,10,10,2,0,0,4,tutorial
6790957396019241f9c4f71f,5507-3fbfc775-3539-45c7-95e8-fae084fd3f99,enjoyable,2,18088,166672.30000001192,159284,"['######', '#    #', '#*$ @#', '#. ###', '######']",6,5,"[{'x': 1, 'y': 2, 'state': '*'}, {'x': 2, 'y': 2, 'state': '$'}]",4,2,12,12,12,2,0,0,4,tutorial
6790957396019241f9c4f722,2642-2733cf46-6dd9-4b58-aeb6-01dbdbaadc96,enjoyable,2,38524,93225.79999999981,130574,"['######', '#    #', '#*$ @#', '#. ###', '######']",6,5,"[{'x': 1, 'y': 2, 'state': '*'}, {'x': 2, 'y': 2, 'state': '$'}]",4,2,12,11,11,3,0,1,4,tutorial
6790957496019241f9c4f72b,6476-0fb36e47-b958-4bea-a63d-a42ce65c9cd0,difficult,2,24158,72923.10000002384,95221,"['######', '#    #', '#*$ @#', '#. ###', '######']",6,5,"[{'x': 1, 'y': 2, 'state': '*'}, {'x': 2, 'y': 2, 'state': '$'}]",4,2,21,16,15,4,0,5,4,tutorial
6790957396019241f9c4f725,7498-a2890963-df67-46a3-a905-c4181d22fbb4,enjoyable,1,28177,134324.0,132053,"['######', '#  $.#', '#@ $.#', '#    #', '######']",6,5,"[{'x': 3, 'y': 2, 'state': '$'}, {'x': 3, 'y': 1, 'state': '$'}]",1,2,6,6,6,2,0,0,3,tutorial
6790957396019241f9c4f721,9803-6ddc3fe3-d3b3-461a-b1ee-de9e184b817d,enjoyable,3,26885,140237.30000007153,164666,"['  #####', '  #.  #', '###   #', '# $*$ #', '#   ###', '#@ .#', '#####']",7,7,"[{'x': 2, 'y': 3, 'state': '$'}, {'x': 3, 'y': 3, 'state': '*'}, {'x': 4, 'y': 3, 'state': '$'}]",1,5,19,19,19,6,0,0,5,tutorial
6790957396019241f9c4f710,7920-dddea282-4875-444a-af2a-046692e18626,difficult,1,47348,211004.70000000298,257047,"['######', '#  $.#', '#@ $.#', '#    #', '######']",6,5,"[{'x': 3, 'y': 2, 'state': '$'}, {'x': 3, 'y': 1, 'state': '$'}]",1,2,7,5,5,2,1,1,3,tutorial
6790957496019241f9c4f72f,3140-e0ae9986-4196-46e0-a9df-468af61b1adb,difficult,1,10410,80065.0,87951,"['######', '#  $.#', '#@ $.#', '#    #', '######']",6,5,"[{'x': 3, 'y': 2, 'state': '$'}, {'x': 3, 'y': 1, 'state': '$'}]",1,2,5,5,5,2,0,0,3,tutorial
6790957496019241f9c4f72b,6476-0fb36e47-b958-4bea-a63d-a42ce65c9cd0,difficult,3,13614,97389.10000002384,109139,"['  #####', '  #.  #', '###   #', '# $*$ #', '#   ###', '#@ .#', '#####']",7,7,"[{'x': 2, 'y': 3, 'state': '$'}, {'x': 3, 'y': 3, 'state': '*'}, {'x': 4, 'y': 3, 'state': '$'}]",1,5,18,18,17,6,0,0,5,tutorial
6790957496019241f9c4f72f,3140-e0ae9986-4196-46e0-a9df-468af61b1adb,difficult,2,11496,90781.30000000075,99754,"['######', '#    #', '#*$ @#', '#. ###', '######']",6,5,"[{'x': 1, 'y': 2, 'state': '*'}, {'x': 2, 'y': 2, 'state': '$'}]",4,2,12,12,12,2,0,0,4,tutorial
6790957396019241f9c4f71f,5507-3fbfc775-3539-45c7-95e8-fae084fd3f99,enjoyable,3,24349,185073.19999998808,183948,"['  #####', '  #.  #', '###   #', '# $*$ #', '#   ###', '#@ .#', '#####']",7,7,"[{'x': 2, 'y': 3, 'state': '$'}, {'x': 3, 'y': 3, 'state': '*'}, {'x': 4, 'y': 3, 'state': '$'}]",1,5,17,17,17,6,0,0,5,tutorial
6790957396019241f9c4f71e,9106-6ab247a9-b6c9-46e3-82d3-0e0502564fff,enjoyable,3,36027,154944.0,188957,"['  #####', '  #.  #', '###   #', '# $*$ #', '#   ###', '#@ .#', '#####']",7,7,"[{'x': 2, 'y': 3, 'state': '$'}, {'x': 3, 'y': 3, 'state': '*'}, {'x': 4, 'y': 3, 'state': '$'}]",1,5,17,17,17,6,0,0,5,tutorial
6790957396019241f9c4f722,2642-2733cf46-6dd9-4b58-aeb6-01dbdbaadc96,enjoyable,3,25953,132056.5,156832,"['  #####', '  #.  #', '###   #', '# $*$ #', '#   ###', '#@ .#', '#####']",7,7,"[{'x': 2, 'y': 3, 'state': '$'}, {'x': 3, 'y': 3, 'state': '*'}, {'x': 4, 'y': 3, 'state': '$'}]",1,5,17,17,17,6,0,0,5,tutorial
6790957396019241f9c4f725,7498-a2890963-df67-46a3-a905-c4181d22fbb4,enjoyable,2,20912,162805.0,153272,"['######', '#    #', '#*$ @#', '#. ###', '######']",6,5,"[{'x': 1, 'y': 2, 'state': '*'}, {'x': 2, 'y': 2, 'state': '$'}]",4,2,16,16,14,2,0,0,4,tutorial
6790957496019241f9c4f72f,3140-e0ae9986-4196-46e0-a9df-468af61b1adb,difficult,3,8520,102583.89999999851,108587,"['  #####', '  #.  #', '###   #', '# $*$ #', '#   ###', '#@ .#', '#####']",7,7,"[{'x': 2, 'y': 3, 'state': '$'}, {'x': 3, 'y': 3, 'state': '*'}, {'x': 4, 'y': 3, 'state': '$'}]",1,5,19,19,17,6,0,0,5,tutorial
6790957496019241f9c4f72a,5309-8cc7495e-5700-4cbf-b2dd-37e211274e0e,enjoyable,2,50223,98221.20000004768,145637,"['######', '#    #', '#*$ @#', '#. ###', '######']",6,5,"[{'x': 1, 'y': 2, 'state': '*'}, {'x': 2, 'y': 2, 'state': '$'}]",4,2,15,14,11,3,0,1,4,tutorial
6790957396019241f9c4f712,0114-5172ef1f-750b-4fb4-a553-8d4a8b201dfd,difficult,3,73056,208837.29999995232,276475,"['  #####', '  #.  #', '###   #', '# $*$ #', '#   ###', '#@ .#', '#####']",7,7,"[{'x': 2, 'y': 3, 'state': '$'}, {'x': 3, 'y': 3, 'state': '*'}, {'x': 4, 'y': 3, 'state': '$'}]",1,5,37,33,31,8,0,4,5,tutorial
6790957396019241f9c4f720,7141-e410d559-058a-4dac-a6a4-fe5f229c4b29,enjoyable,1,28263,176549.0,194064,"['######', '#  $.#', '#@ $.#', '#    #', '######']",6,5,"[{'x': 3, 'y': 2, 'state': '$'}, {'x': 3, 'y': 1, 'state': '$'}]",1,2,6,5,5,2,1,0,3,tutorial
6790957396019241f9c4f70f,4307-3b7e2100-d4f5-49ad-8099-d892b86898dc,difficult,3,89713,198579.90000000596,286818,"['  #####', '  #.  #', '###   #', '# $*$ #', '#   ###', '#@ .#', '#####']",7,7,"[{'x': 2, 'y': 3, 'state': '$'}, {'x': 3, 'y': 3, 'state': '*'}, {'x': 4, 'y': 3, 'state': '$'}]",1,5,61,53,51,11,0,8,5,tutorial
6790957396019241f9c4f717,0767-a231ee78-a3a7-4789-b317-c73ca20977b5,enjoyable,3,40433,247960.29999999702,256996,"['  #####', '  #.  #', '###   #', '# $*$ #', '#   ###', '#@ .#', '#####']",7,7,"[{'x': 2, 'y': 3, 'state': '$'}, {'x': 3, 'y': 3, 'state': '*'}, {'x': 4, 'y': 3, 'state': '$'}]",1,5,19,19,19,6,0,0,5,tutorial
6790957496019241f9c4f735,6697-fdc26f6a-4286-43fa-b251-451cc41ed290,difficult,1,6308,51059.80000001192,55106,"['######', '#  $.#', '#@ $.#', '#    #', '######']",6,5,"[{'x': 3, 'y': 2, 'state': '$'}, {'x': 3, 'y': 1, 'state': '$'}]",1,2,5,5,5,2,0,0,3,tutorial
6790957396019241f9c4f725,7498-a2890963-df67-46a3-a905-c4181d22fbb4,enjoyable,3,26569,184031.0,180160,"['  #####', '  #.  #', '###   #', '# $*$ #', '#   ###', '#@ .#', '#####']",7,7,"[{'x': 2, 'y': 3, 'state': '$'}, {'x': 3, 'y': 3, 'state': '*'}, {'x': 4, 'y': 3, 'state': '$'}]",1,5,17,17,17,6,0,0,5,tutorial
6790957496019241f9c4f735,6697-fdc26f6a-4286-43fa-b251-451cc41ed290,difficult,2,9271,57670.40000003576,64685,"['######', '#    #', '#*$ @#', '#. ###', '######']",6,5,"[{'x': 1, 'y': 2, 'state': '*'}, {'x': 2, 'y': 2, 'state': '$'}]",4,2,10,10,10,2,0,0,4,tutorial
6790957496019241f9c4f735,6697-fdc26f6a-4286-43fa-b251-451cc41ed290,difficult,3,20379,67248.90000003576,85369,"['  #####', '  #.  #', '###   #', '# $*$ #', '#   ###', '#@ .#', '#####']",7,7,"[{'x': 2, 'y': 3, 'state': '$'}, {'x': 3, 'y': 3, 'state': '*'}, {'x': 4, 'y': 3, 'state': '$'}]",1,5,23,23,21,6,0,0,5,tutorial
6790957396019241f9c4f720,7141-e410d559-058a-4dac-a6a4-fe5f229c4b29,enjoyable,2,45409,205121.29999995232,239781,"['######', '#    #', '#*$ @#', '#. ###', '######']",6,5,"[{'x': 1, 'y': 2, 'state': '*'}, {'x': 2, 'y': 2, 'state': '$'}]",4,2,15,13,12,3,0,2,4,tutorial
6790957396019241f9c4f715,2216-9bd2f0e1-53c9-4ece-b5a0-78a0d97c2101,difficult,3,164992,151291.89999997616,315178,"['  #####', '  #.  #', '###   #', '# $*$ #', '#   ###', '#@ .#', '#####']",7,7,"[{'x': 2, 'y': 3, 'state': '$'}, {'x': 3, 'y': 3, 'state': '*'}, {'x': 4, 'y': 3, 'state': '$'}]",1,5,77,66,60,19,2,9,5,tutorial
6790957496019241f9c4f72a,5309-8cc7495e-5700-4cbf-b2dd-37e211274e0e,enjoyable,3,59003,148754.0,204959,"['  #####', '  #.  #', '###   #', '# $*$ #', '#   ###', '#@ .#', '#####']",7,7,"[{'x': 2, 'y': 3, 'state': '$'}, {'x': 3, 'y': 3, 'state': '*'}, {'x': 4, 'y': 3, 'state': '$'}]",1,5,30,29,28,9,1,0,5,tutorial
6790957496019241f9c4f734,8389-197c7ad0-ade1-4b93-bbb5-738698744142,difficult,1,21236,111123.30000001192,128897,"['######', '#  $.#', '#@ $.#', '#    #', '######']",6,5,"[{'x': 3, 'y': 2, 'state': '$'}, {'x': 3, 'y': 1, 'state': '$'}]",1,2,5,5,5,2,0,0,3,tutorial
6790957396019241f9c4f720,7141-e410d559-058a-4dac-a6a4-fe5f229c4b29,enjoyable,3,41547,250839.29999995232,281637,"['  #####', '  #.  #', '###   #', '# $*$ #', '#   ###', '#@ .#', '#####']",7,7,"[{'x': 2, 'y': 3, 'state': '$'}, {'x': 3, 'y': 3, 'state': '*'}, {'x': 4, 'y': 3, 'state': '$'}]",1,5,23,23,23,6,0,0,5,tutorial
6790957496019241f9c4f734,8389-197c7ad0-ade1-4b93-bbb5-738698744142,difficult,2,22423,132676.30000001192,151633,"['######', '#    #', '#*$ @#', '#. ###', '######']",6,5,"[{'x': 1, 'y': 2, 'state': '*'}, {'x': 2, 'y': 2, 'state': '$'}]",4,2,10,10,10,2,0,0,4,tutorial
6790957496019241f9c4f739,8619-7ff94532-e978-4cec-bbdd-d74d70ce8ff6,difficult,1,9551,21645.200000047684,25900,"['######', '#  $.#', '#@ $.#', '#    #', '######']",6,5,"[{'x': 3, 'y': 2, 'state': '$'}, {'x': 3, 'y': 1, 'state': '$'}]",1,2,5,5,5,2,0,0,3,tutorial
6790957396019241f9c4f710,7920-dddea282-4875-444a-af2a-046692e18626,difficult,2,150046,258659.0,407411,"['######', '#    #', '#*$ @#', '#. ###', '######']",6,5,"[{'x': 1, 'y': 2, 'state': '*'}, {'x': 2, 'y': 2, 'state': '$'}]",4,2,66,47,33,4,0,19,4,tutorial
6790957396019241f9c4f716,0896-2fa0b747-ef31-40f0-a021-baca001ce8af,difficult,1,57783,353248.0,390710,"['######', '#  $.#', '#@ $.#', '#    #', '######']",6,5,"[{'x': 3, 'y': 2, 'state': '$'}, {'x': 3, 'y': 1, 'state': '$'}]",1,2,13,11,7,2,2,0,3,tutorial
6790957496019241f9c4f734,8389-197c7ad0-ade1-4b93-bbb5-738698744142,difficult,3,37791,155410.70000001788,189734,"['  #####', '  #.  #', '###   #', '# $*$ #', '#   ###', '#@ .#', '#####']",7,7,"[{'x': 2, 'y': 3, 'state': '$'}, {'x': 3, 'y': 3, 'state': '*'}, {'x': 4, 'y': 3, 'state': '$'}]",1,5,17,17,17,6,0,0,5,tutorial
6790957496019241f9c4f739,8619-7ff94532-e978-4cec-bbdd-d74d70ce8ff6,difficult,2,18512,31510.900000095367,44718,"['######', '#    #', '#*$ @#', '#. ###', '######']",6,5,"[{'x': 1, 'y': 2, 'state': '*'}, {'x': 2, 'y': 2, 'state': '$'}]",4,2,10,10,10,2,0,0,4,tutorial
6790957496019241f9c4f72d,0752-d4d913e5-3309-4c58-9854-da1c04758f95,difficult,1,41907,228095.40000000596,254013,"['######', '#  $.#', '#@ $.#', '#    #', '######']",6,5,"[{'x': 3, 'y': 2, 'state': '$'}, {'x': 3, 'y': 1, 'state': '$'}]",1,2,8,7,7,3,0,1,3,tutorial
6790957396019241f9c4f716,0896-2fa0b747-ef31-40f0-a021-baca001ce8af,difficult,2,26563,411352.0,417599,"['######', '#    #', '#*$ @#', '#. ###', '######']",6,5,"[{'x': 1, 'y': 2, 'state': '*'}, {'x': 2, 'y': 2, 'state': '$'}]",4,2,21,21,16,4,0,0,4,tutorial
6790957496019241f9c4f72e,5212-fb2f2a8c-5c9e-4ca4-8fdb-589bf03ca271,difficult,1,43255,255085.0,273398,"['######', '#  $.#', '#@ $.#', '#    #', '######']",6,5,"[{'x': 3, 'y': 2, 'state': '$'}, {'x': 3, 'y': 1, 'state': '$'}]",1,2,9,9,9,2,0,0,3,tutorial
6790957496019241f9c4f739,8619-7ff94532-e978-4cec-bbdd-d74d70ce8ff6,difficult,3,27273,50328.300000071526,72297,"['  #####', '  #.  #', '###   #', '# $*$ #', '#   ###', '#@ .#', '#####']",7,7,"[{'x': 2, 'y': 3, 'state': '$'}, {'x': 3, 'y': 3, 'state': '*'}, {'x': 4, 'y': 3, 'state': '$'}]",1,5,23,23,21,6,0,0,5,tutorial
6790957496019241f9c4f737,9766-6ab8ac61-70e0-4c41-8941-76c7f5541db3,difficult,1,11502,196216.19999998808,176578,"['######', '#  $.#', '#@ $.#', '#    #', '######']",6,5,"[{'x': 3, 'y': 2, 'state': '$'}, {'x': 3, 'y': 1, 'state': '$'}]",1,2,5,5,5,2,0,0,3,tutorial
6790957396019241f9c4f713,4063-39bbe214-5146-494d-bc3d-9e663077cf43,difficult,1,11962,446760.5,456614,"['######', '#  $.#', '#@ $.#', '#    #', '######']",6,5,"[{'x': 3, 'y': 2, 'state': '$'}, {'x': 3, 'y': 1, 'state': '$'}]",1,2,9,9,5,2,0,0,3,tutorial
6790957496019241f9c4f72e,5212-fb2f2a8c-5c9e-4ca4-8fdb-589bf03ca271,difficult,2,27974,298679.0,301709,"['######', '#    #', '#*$ @#', '#. ###', '######']",6,5,"[{'x': 1, 'y': 2, 'state': '*'}, {'x': 2, 'y': 2, 'state': '$'}]",4,2,12,12,10,2,0,0,4,tutorial
6790957396019241f9c4f710,7920-dddea282-4875-444a-af2a-046692e18626,difficult,3,67152,409024.60000000894,474871,"['  #####', '  #.  #', '###   #', '# $*$ #', '#   ###', '#@ .#', '#####']",7,7,"[{'x': 2, 'y': 3, 'state': '$'}, {'x': 3, 'y': 3, 'state': '*'}, {'x': 4, 'y': 3, 'state': '$'}]",1,5,20,20,17,6,0,0,5,tutorial
6790957496019241f9c4f737,9766-6ab8ac61-70e0-4c41-8941-76c7f5541db3,difficult,2,28125,208042.29999998212,205024,"['######', '#    #', '#*$ @#', '#. ###', '######']",6,5,"[{'x': 1, 'y': 2, 'state': '*'}, {'x': 2, 'y': 2, 'state': '$'}]",4,2,17,16,13,3,0,1,4,tutorial
6790957496019241f9c4f72d,0752-d4d913e5-3309-4c58-9854-da1c04758f95,difficult,2,69722,270313.0,324043,"['######', '#    #', '#*$ @#', '#. ###', '######']",6,5,"[{'x': 1, 'y': 2, 'state': '*'}, {'x': 2, 'y': 2, 'state': '$'}]",4,2,19,16,15,3,0,3,4,tutorial
6790957496019241f9c4f738,8022-b74b9924-ed47-4184-91bf-2557f1bc8c96,difficult,1,15521,108601.4,118818,"['######', '#  $.#', '#@ $.#', '#    #', '######']",6,5,"[{'x': 3, 'y': 2, 'state': '$'}, {'x': 3, 'y': 1, 'state': '$'}]",1,2,5,5,5,2,0,0,3,tutorial
6790957396019241f9c4f728,6149-2bc654bb-4778-4626-bb74-368ba201c402,enjoyable,1,52542,324938.0,374655,"['######', '#  $.#', '#@ $.#', '#    #', '######']",6,5,"[{'x': 3, 'y': 2, 'state': '$'}, {'x': 3, 'y': 1, 'state': '$'}]",1,2,8,8,7,2,0,0,3,tutorial
6790957496019241f9c4f737,9766-6ab8ac61-70e0-4c41-8941-76c7f5541db3,difficult,3,35789,236487.90000000596,241129,"['  #####', '  #.  #', '###   #', '# $*$ #', '#   ###', '#@ .#', '#####']",7,7,"[{'x': 2, 'y': 3, 'state': '$'}, {'x': 3, 'y': 3, 'state': '*'}, {'x': 4, 'y': 3, 'state': '$'}]",1,5,25,25,25,6,0,0,5,tutorial
6790957496019241f9c4f73a,5793-642d74db-fd70-4579-9ef6-5ca9197378a1,difficult,1,9147,217117.59999990463,128821,"['######', '#  $.#', '#@ $.#', '#    #', '######']",6,5,"[{'x': 3, 'y': 2, 'state': '$'}, {'x': 3, 'y': 1, 'state': '$'}]",1,2,5,5,5,2,0,0,3,tutorial
6790957396019241f9c4f713,4063-39bbe214-5146-494d-bc3d-9e663077cf43,difficult,2,60993,459040.40000003576,517910,"['######', '#    #', '#*$ @#', '#. ###', '######']",6,5,"[{'x': 1, 'y': 2, 'state': '*'}, {'x': 2, 'y': 2, 'state': '$'}]",4,2,99,97,47,9,2,0,4,tutorial
6790957496019241f9c4f738,8022-b74b9924-ed47-4184-91bf-2557f1bc8c96,difficult,2,33645,124438.1,152780,"['######', '#    #', '#*$ @#', '#. ###', '######']",6,5,"[{'x': 1, 'y': 2, 'state': '*'}, {'x': 2, 'y': 2, 'state': '$'}]",4,2,16,15,15,3,1,0,4,tutorial
6790957496019241f9c4f72e,5212-fb2f2a8c-5c9e-4ca4-8fdb-589bf03ca271,difficult,3,63091,326968.0,365124,"['  #####', '  #.  #', '###   #', '# $*$ #', '#   ###', '#@ .#', '#####']",7,7,"[{'x': 2, 'y': 3, 'state': '$'}, {'x': 3, 'y': 3, 'state': '*'}, {'x': 4, 'y': 3, 'state': '$'}]",1,5,32,32,31,6,0,0,5,tutorial
6790957496019241f9c4f72d,0752-d4d913e5-3309-4c58-9854-da1c04758f95,difficult,3,42871,340348.40000000596,367251,"['  #####', '  #.  #', '###   #', '# $*$ #', '#   ###', '#@ .#', '#####']",7,7,"[{'x': 2, 'y': 3, 'state': '$'}, {'x': 3, 'y': 3, 'state': '*'}, {'x': 4, 'y': 3, 'state': '$'}]",1,5,19,19,19,6,0,0,5,tutorial
6790957496019241f9c4f73a,5793-642d74db-fd70-4579-9ef6-5ca9197378a1,difficult,2,19493,226569.89999985695,148620,"['######', '#    #', '#*$ @#', '#. ###', '######']",6,5,"[{'x': 1, 'y': 2, 'state': '*'}, {'x': 2, 'y': 2, 'state': '$'}]",4,2,18,16,14,3,0,2,4,tutorial
6790957496019241f9c4f733,9458-bd5721fc-69cc-4dc1-95d4-307ed85f5ac7,difficult,1,29013,315254.59999999404,330195,"['######', '#  $.#', '#@ $.#', '#    #', '######']",6,5,"[{'x': 3, 'y': 2, 'state': '$'}, {'x': 3, 'y': 1, 'state': '$'}]",1,2,6,6,6,2,0,0,3,tutorial
6790957396019241f9c4f713,4063-39bbe214-5146-494d-bc3d-9e663077cf43,difficult,3,23728,520336.90000003576,541946,"['  #####', '  #.  #', '###   #', '# $*$ #', '#   ###', '#@ .#', '#####']",7,7,"[{'x': 2, 'y': 3, 'state': '$'}, {'x': 3, 'y': 3, 'state': '*'}, {'x': 4, 'y': 3, 'state': '$'}]",1,5,27,26,24,7,0,1,5,tutorial
6790957496019241f9c4f738,8022-b74b9924-ed47-4184-91bf-2557f1bc8c96,difficult,3,25930,158398.69999999998,179026,"['  #####', '  #.  #', '###   #', '# $*$ #', '#   ###', '#@ .#', '#####']",7,7,"[{'x': 2, 'y': 3, 'state': '$'}, {'x': 3, 'y': 3, 'state': '*'}, {'x': 4, 'y': 3, 'state': '$'}]",1,5,21,21,21,6,0,0,5,tutorial
6790957496019241f9c4f733,9458-bd5721fc-69cc-4dc1-95d4-307ed85f5ac7,difficult,2,20072,344580.19999999553,350571,"['######', '#    #', '#*$ @#', '#. ###', '######']",6,5,"[{'x': 1, 'y': 2, 'state': '*'}, {'x': 2, 'y': 2, 'state': '$'}]",4,2,10,10,10,2,0,0,4,tutorial
6790957396019241f9c4f724,8633-77be0ec0-1927-4142-90fd-9d9138e7ebec,enjoyable,1,13250,451465.8000000715,463041,"['######', '#  $.#', '#@ $.#', '#    #', '######']",6,5,"[{'x': 3, 'y': 2, 'state': '$'}, {'x': 3, 'y': 1, 'state': '$'}]",1,2,9,9,9,2,0,0,3,tutorial
6790957496019241f9c4f73a,5793-642d74db-fd70-4579-9ef6-5ca9197378a1,difficult,3,59860,246369.0,208799,"['  #####', '  #.  #', '###   #', '# $*$ #', '#   ###', '#@ .#', '#####']",7,7,"[{'x': 2, 'y': 3, 'state': '$'}, {'x': 3, 'y': 3, 'state': '*'}, {'x': 4, 'y': 3, 'state': '$'}]",1,5,77,54,44,12,0,23,5,tutorial
6790957496019241f9c4f733,9458-bd5721fc-69cc-4dc1-95d4-307ed85f5ac7,difficult,3,49328,364956.09999999404,400202,"['  #####', '  #.  #', '###   #', '# $*$ #', '#   ###', '#@ .#', '#####']",7,7,"[{'x': 2, 'y': 3, 'state': '$'}, {'x': 3, 'y': 3, 'state': '*'}, {'x': 4, 'y': 3, 'state': '$'}]",1,5,17,17,17,6,0,0,5,tutorial
6790957396019241f9c4f724,8633-77be0ec0-1927-4142-90fd-9d9138e7ebec,enjoyable,2,29711,465025.0,493058,"['######', '#    #', '#*$ @#', '#. ###', '######']",6,5,"[{'x': 1, 'y': 2, 'state': '*'}, {'x': 2, 'y': 2, 'state': '$'}]",4,2,26,25,20,4,1,0,4,tutorial
6790957396019241f9c4f728,6149-2bc654bb-4778-4626-bb74-368ba201c402,enjoyable,2,109907,377796.6999999285,484872,"['######', '#    #', '#*$ @#', '#. ###', '######']",6,5,"[{'x': 1, 'y': 2, 'state': '*'}, {'x': 2, 'y': 2, 'state': '$'}]",4,2,52,43,21,4,0,9,4,tutorial
6790957396019241f9c4f724,8633-77be0ec0-1927-4142-90fd-9d9138e7ebec,enjoyable,3,48321,495041.39999997616,541823,"['  #####', '  #.  #', '###   #', '# $*$ #', '#   ###', '#@ .#', '#####']",7,7,"[{'x': 2, 'y': 3, 'state': '$'}, {'x': 3, 'y': 3, 'state': '*'}, {'x': 4, 'y': 3, 'state': '$'}]",1,5,48,47,45,11,1,0,5,tutorial
6790957396019241f9c4f719,1002-f1c3e7c9-577e-4949-88d9-d787510ad370,enjoyable,1,49866,611613.3000000715,658664,"['######', '#  $.#', '#@ $.#', '#    #', '######']",6,5,"[{'x': 3, 'y': 2, 'state': '$'}, {'x': 3, 'y': 1, 'state': '$'}]",1,2,5,5,5,2,0,0,3,tutorial
6790957396019241f9c4f728,6149-2bc654bb-4778-4626-bb74-368ba201c402,enjoyable,3,110863,488013.6999999285,596046,"['  #####', '  #.  #', '###   #', '# $*$ #', '#   ###', '#@ .#', '#####']",7,7,"[{'x': 2, 'y': 3, 'state': '$'}, {'x': 3, 'y': 3, 'state': '*'}, {'x': 4, 'y': 3, 'state': '$'}]",1,5,26,24,23,7,0,2,5,tutorial
6790957396019241f9c4f719,1002-f1c3e7c9-577e-4949-88d9-d787510ad370,enjoyable,2,58693,661793.2000000477,717673,"['######', '#    #', '#*$ @#', '#. ###', '######']",6,5,"[{'x': 1, 'y': 2, 'state': '*'}, {'x': 2, 'y': 2, 'state': '$'}]",4,2,10,10,10,2,0,0,4,tutorial
6790957496019241f9c4f73d,6094-c621da4e-4dc1-428d-bdc3-4f2a204ce497,difficult,1,14562,72251.89999997616,85448,"['######', '#  $.#', '#@ $.#', '#    #', '######']",6,5,"[{'x': 3, 'y': 2, 'state': '$'}, {'x': 3, 'y': 1, 'state': '$'}]",1,2,5,5,5,2,0,0,3,tutorial
6790957496019241f9c4f73c,0764-c72cfda2-4d70-450b-b661-b0e7db35c716,difficult,1,125818,221457.59999999776,340527,"['######', '#  $.#', '#@ $.#', '#    #', '######']",6,5,"[{'x': 3, 'y': 2, 'state': '$'}, {'x': 3, 'y': 1, 'state': '$'}]",1,2,18,6,6,2,8,4,3,tutorial
6790957496019241f9c4f73d,6094-c621da4e-4dc1-428d-bdc3-4f2a204ce497,difficult,2,10333,87117.69999998808,96097,"['######', '#    #', '#*$ @#', '#. ###', '######']",6,5,"[{'x': 1, 'y': 2, 'state': '*'}, {'x': 2, 'y': 2, 'state': '$'}]",4,2,10,10,10,2,0,0,4,tutorial
6790957496019241f9c4f73d,6094-c621da4e-4dc1-428d-bdc3-4f2a204ce497,difficult,3,39903,97768.59999996424,136312,"['  #####', '  #.  #', '###   #', '# $*$ #', '#   ###', '#@ .#', '#####']",7,7,"[{'x': 2, 'y': 3, 'state': '$'}, {'x': 3, 'y': 3, 'state': '*'}, {'x': 4, 'y': 3, 'state': '$'}]",1,5,48,41,34,10,0,7,5,tutorial
6790957496019241f9c4f73c,0764-c72cfda2-4d70-450b-b661-b0e7db35c716,difficult,2,51147,347583.299999997,391986,"['######', '#    #', '#*$ @#', '#. ###', '######']",6,5,"[{'x': 1, 'y': 2, 'state': '*'}, {'x': 2, 'y': 2, 'state': '$'}]",4,2,30,28,18,3,0,2,4,tutorial
6790957396019241f9c4f719,1002-f1c3e7c9-577e-4949-88d9-d787510ad370,enjoyable,3,113821,720800.5,831807,"['  #####', '  #.  #', '###   #', '# $*$ #', '#   ###', '#@ .#', '#####']",7,7,"[{'x': 2, 'y': 3, 'state': '$'}, {'x': 3, 'y': 3, 'state': '*'}, {'x': 4, 'y': 3, 'state': '$'}]",1,5,17,17,17,6,0,0,5,tutorial
6790957496019241f9c4f73b,1392-16c3daf1-21b1-4354-8c8a-438812dbf082,difficult,2,389038,52761.199999928474,433148,"['######', '#    #', '#*$ @#', '#. ###', '######']",6,5,"[{'x': 1, 'y': 2, 'state': '*'}, {'x': 2, 'y': 2, 'state': '$'}]",4,2,218,209,123,16,5,4,4,tutorial
6790957496019241f9c4f73c,0764-c72cfda2-4d70-450b-b661-b0e7db35c716,difficult,3,22092,399042.8999999985,414388,"['  #####', '  #.  #', '###   #', '# $*$ #', '#   ###', '#@ .#', '#####']",7,7,"[{'x': 2, 'y': 3, 'state': '$'}, {'x': 3, 'y': 3, 'state': '*'}, {'x': 4, 'y': 3, 'state': '$'}]",1,5,21,21,19,6,0,0,5,tutorial
6790957496019241f9c4f73e,1151-55eb8c10-7254-44f7-b1d0-8b236c5cc735,difficult,1,13122,144962.29999995232,151402,"['######', '#  $.#', '#@ $.#', '#    #', '######']",6,5,"[{'x': 3, 'y': 2, 'state': '$'}, {'x': 3, 'y': 1, 'state': '$'}]",1,2,5,5,5,2,0,0,3,tutorial
6790957496019241f9c4f73e,1151-55eb8c10-7254-44f7-b1d0-8b236c5cc735,difficult,2,8179,158393.39999997616,159888,"['######', '#    #', '#*$ @#', '#. ###', '######']",6,5,"[{'x': 1, 'y': 2, 'state': '*'}, {'x': 2, 'y': 2, 'state': '$'}]",4,2,10,10,10,2,0,0,4,tutorial
6790957496019241f9c4f73e,1151-55eb8c10-7254-44f7-b1d0-8b236c5cc735,difficult,3,27224,166876.5,187415,"['  #####', '  #.  #', '###   #', '# $*$ #', '#   ###', '#@ .#', '#####']",7,7,"[{'x': 2, 'y': 3, 'state': '$'}, {'x': 3, 'y': 3, 'state': '*'}, {'x': 4, 'y': 3, 'state': '$'}]",1,5,31,31,31,6,0,0,5,tutorial
6790957496019241f9c4f73b,1392-16c3daf1-21b1-4354-8c8a-438812dbf082,difficult,3,363351,442120.5,796819,"['  #####', '  #.  #', '###   #', '# $*$ #', '#   ###', '#@ .#', '#####']",7,7,"[{'x': 2, 'y': 3, 'state': '$'}, {'x': 3, 'y': 3, 'state': '*'}, {'x': 4, 'y': 3, 'state': '$'}]",1,5,355,349,177,22,4,2,5,tutorial
6790957496019241f9c4f73f,1635-7ed69048-e2f6-44cd-9a07-562d78d63360,enjoyable,1,65476,259773.29999995232,316135,"['######', '#  $.#', '#@ $.#', '#    #', '######']",6,5,"[{'x': 3, 'y': 2, 'state': '$'}, {'x': 3, 'y': 1, 'state': '$'}]",1,2,19,14,14,5,1,4,3,tutorial
6790957496019241f9c4f73f,1635-7ed69048-e2f6-44cd-9a07-562d78d63360,enjoyable,2,23505,325571.2999999523,339950,"['######', '#    #', '#*$ @#', '#. ###', '######']",6,5,"[{'x': 1, 'y': 2, 'state': '*'}, {'x': 2, 'y': 2, 'state': '$'}]",4,2,10,10,10,2,0,0,4,tutorial
6790957496019241f9c4f740,8836-ad30f5ab-6cbe-42e9-922f-3c59921c0489,enjoyable,1,51679,210401.8999999985,254265,"['######', '#  $.#', '#@ $.#', '#    #', '######']",6,5,"[{'x': 3, 'y': 2, 'state': '$'}, {'x': 3, 'y': 1, 'state': '$'}]",1,2,6,6,6,2,0,0,3,tutorial
6790957496019241f9c4f73f,1635-7ed69048-e2f6-44cd-9a07-562d78d63360,enjoyable,3,32928,349384.7999999523,373193,"['  #####', '  #.  #', '###   #', '# $*$ #', '#   ###', '#@ .#', '#####']",7,7,"[{'x': 2, 'y': 3, 'state': '$'}, {'x': 3, 'y': 3, 'state': '*'}, {'x': 4, 'y': 3, 'state': '$'}]",1,5,17,17,17,6,0,0,5,tutorial
6790957396019241f9c4f716,0896-2fa0b747-ef31-40f0-a021-baca001ce8af,difficult,3,894865,438245.0,1312786,"['  #####', '  #.  #', '###   #', '# $*$ #', '#   ###', '#@ .#', '#####']",7,7,"[{'x': 2, 'y': 3, 'state': '$'}, {'x': 3, 'y': 3, 'state': '*'}, {'x': 4, 'y': 3, 'state': '$'}]",1,5,559,425,299,46,4,130,5,tutorial
6790957496019241f9c4f740,8836-ad30f5ab-6cbe-42e9-922f-3c59921c0489,enjoyable,2,43507,262388.69999999553,298080,"['######', '#    #', '#*$ @#', '#. ###', '######']",6,5,"[{'x': 1, 'y': 2, 'state': '*'}, {'x': 2, 'y': 2, 'state': '$'}]",4,2,45,43,21,3,1,1,4,tutorial
6790957496019241f9c4f740,8836-ad30f5ab-6cbe-42e9-922f-3c59921c0489,enjoyable,3,51831,306201.1000000015,350220,"['  #####', '  #.  #', '###   #', '# $*$ #', '#   ###', '#@ .#', '#####']",7,7,"[{'x': 2, 'y': 3, 'state': '$'}, {'x': 3, 'y': 3, 'state': '*'}, {'x': 4, 'y': 3, 'state': '$'}]",1,5,51,50,36,8,1,0,5,tutorial
6790957496019241f9c4f743,6371-02221cab-df29-4d72-a5d4-8c6f78d3ec1f,enjoyable,1,23242,128047.29999998212,149003,"['######', '#  $.#', '#@ $.#', '#    #', '######']",6,5,"[{'x': 3, 'y': 2, 'state': '$'}, {'x': 3, 'y': 1, 'state': '$'}]",1,2,5,5,5,2,0,0,3,tutorial
6790957496019241f9c4f743,6371-02221cab-df29-4d72-a5d4-8c6f78d3ec1f,enjoyable,2,11336,151594.0,160653,"['######', '#    #', '#*$ @#', '#. ###', '######']",6,5,"[{'x': 1, 'y': 2, 'state': '*'}, {'x': 2, 'y': 2, 'state': '$'}]",4,2,10,10,10,2,0,0,4,tutorial
6790957496019241f9c4f743,6371-02221cab-df29-4d72-a5d4-8c6f78d3ec1f,enjoyable,3,65125,163246.0,226082,"['  #####', '  #.  #', '###   #', '# $*$ #', '#   ###', '#@ .#', '#####']",7,7,"[{'x': 2, 'y': 3, 'state': '$'}, {'x': 3, 'y': 3, 'state': '*'}, {'x': 4, 'y': 3, 'state': '$'}]",1,5,37,36,36,11,1,0,5,tutorial
6790957496019241f9c4f744,5602-e0a29e2f-6b4c-40a8-a23f-64890cd00a94,enjoyable,1,19765,195241.79999995232,209394,"['######', '#  $.#', '#@ $.#', '#    #', '######']",6,5,"[{'x': 3, 'y': 2, 'state': '$'}, {'x': 3, 'y': 1, 'state': '$'}]",1,2,8,8,8,2,0,0,3,tutorial
6790957496019241f9c4f744,5602-e0a29e2f-6b4c-40a8-a23f-64890cd00a94,enjoyable,2,33464,215317.0,243172,"['######', '#    #', '#*$ @#', '#. ###', '######']",6,5,"[{'x': 1, 'y': 2, 'state': '*'}, {'x': 2, 'y': 2, 'state': '$'}]",4,2,10,10,10,2,0,0,4,tutorial
6790957496019241f9c4f744,5602-e0a29e2f-6b4c-40a8-a23f-64890cd00a94,enjoyable,3,88769,249097.09999990463,332259,"['  #####', '  #.  #', '###   #', '# $*$ #', '#   ###', '#@ .#', '#####']",7,7,"[{'x': 2, 'y': 3, 'state': '$'}, {'x': 3, 'y': 3, 'state': '*'}, {'x': 4, 'y': 3, 'state': '$'}]",1,5,49,43,35,8,0,6,5,tutorial
6790957496019241f9c4f748,1237-20df9cd5-6070-41fe-98b2-a679b424764f,enjoyable,1,7861,33695.799999952316,38361,"['######', '#  $.#', '#@ $.#', '#    #', '######']",6,5,"[{'x': 3, 'y': 2, 'state': '$'}, {'x': 3, 'y': 1, 'state': '$'}]",1,2,5,5,5,2,0,0,3,tutorial
6790957496019241f9c4f748,1237-20df9cd5-6070-41fe-98b2-a679b424764f,enjoyable,2,12904,41859.89999997616,51568,"['######', '#    #', '#*$ @#', '#. ###', '######']",6,5,"[{'x': 1, 'y': 2, 'state': '*'}, {'x': 2, 'y': 2, 'state': '$'}]",4,2,18,17,16,3,1,0,4,tutorial
6790957496019241f9c4f749,1571-154eb622-df3b-4c88-9a79-c8ca06666564,enjoyable,1,17410,41111.10000014305,56883,"['######', '#  $.#', '#@ $.#', '#    #', '######']",6,5,"[{'x': 3, 'y': 2, 'state': '$'}, {'x': 3, 'y': 1, 'state': '$'}]",1,2,8,8,5,2,0,0,3,tutorial
6790957496019241f9c4f748,1237-20df9cd5-6070-41fe-98b2-a679b424764f,enjoyable,3,12444,55067.199999928474,64316,"['  #####', '  #.  #', '###   #', '# $*$ #', '#   ###', '#@ .#', '#####']",7,7,"[{'x': 2, 'y': 3, 'state': '$'}, {'x': 3, 'y': 3, 'state': '*'}, {'x': 4, 'y': 3, 'state': '$'}]",1,5,21,21,19,6,0,0,5,tutorial
6790957496019241f9c4f749,1571-154eb622-df3b-4c88-9a79-c8ca06666564,enjoyable,2,22184,58825.10000014305,79371,"['######', '#    #', '#*$ @#', '#. ###', '######']",6,5,"[{'x': 1, 'y': 2, 'state': '*'}, {'x': 2, 'y': 2, 'state': '$'}]",4,2,16,16,10,2,0,0,4,tutorial
6790957496019241f9c4f74a,2637-7fb2d862-8c46-4a1b-aa8a-8e9dff7667ae,enjoyable,1,22214,118859.09999999404,139015,"['######', '#  $.#', '#@ $.#', '#    #', '######']",6,5,"[{'x': 3, 'y': 2, 'state': '$'}, {'x': 3, 'y': 1, 'state': '$'}]",1,2,5,5,5,2,0,0,3,tutorial
6790957496019241f9c4f749,1571-154eb622-df3b-4c88-9a79-c8ca06666564,enjoyable,3,89388,81313.70000004768,169066,"['  #####', '  #.  #', '###   #', '# $*$ #', '#   ###', '#@ .#', '#####']",7,7,"[{'x': 2, 'y': 3, 'state': '$'}, {'x': 3, 'y': 3, 'state': '*'}, {'x': 4, 'y': 3, 'state': '$'}]",1,5,80,79,48,10,1,0,5,tutorial
6790957496019241f9c4f74a,2637-7fb2d862-8c46-4a1b-aa8a-8e9dff7667ae,enjoyable,2,37714,141380.3999999985,177034,"['######', '#    #', '#*$ @#', '#. ###', '######']",6,5,"[{'x': 1, 'y': 2, 'state': '*'}, {'x': 2, 'y': 2, 'state': '$'}]",4,2,11,11,10,2,0,0,4,tutorial
6790957496019241f9c4f74a,2637-7fb2d862-8c46-4a1b-aa8a-8e9dff7667ae,enjoyable,3,36307,179398.09999999404,213642,"['  #####', '  #.  #', '###   #', '# $*$ #', '#   ###', '#@ .#', '#####']",7,7,"[{'x': 2, 'y': 3, 'state': '$'}, {'x': 3, 'y': 3, 'state': '*'}, {'x': 4, 'y': 3, 'state': '$'}]",1,5,25,25,23,6,0,0,5,tutorial
6790957496019241f9c4f750,4100-890bafe2-ac0e-44bf-b0cc-dafc8ce28587,enjoyable,1,30916,160767.69999992847,185021,"['######', '#  $.#', '#@ $.#', '#    #', '######']",6,5,"[{'x': 3, 'y': 2, 'state': '$'}, {'x': 3, 'y': 1, 'state': '$'}]",1,2,5,5,5,2,0,0,3,tutorial
6790957496019241f9c4f750,4100-890bafe2-ac0e-44bf-b0cc-dafc8ce28587,enjoyable,2,29158,191994.39999997616,214493,"['######', '#    #', '#*$ @#', '#. ###', '######']",6,5,"[{'x': 1, 'y': 2, 'state': '*'}, {'x': 2, 'y': 2, 'state': '$'}]",4,2,16,15,15,3,1,0,4,tutorial
6790957496019241f9c4f74c,4276-4ddaddcc-c54d-41d1-af6f-2133eaf0afec,enjoyable,1,52647,207496.10000002384,253765,"['######', '#  $.#', '#@ $.#', '#    #', '######']",6,5,"[{'x': 3, 'y': 2, 'state': '$'}, {'x': 3, 'y': 1, 'state': '$'}]",1,2,9,8,7,2,1,0,3,tutorial
6790957496019241f9c4f74c,4276-4ddaddcc-c54d-41d1-af6f-2133eaf0afec,enjoyable,2,13780,260465.40000009537,267865,"['######', '#    #', '#*$ @#', '#. ###', '######']",6,5,"[{'x': 1, 'y': 2, 'state': '*'}, {'x': 2, 'y': 2, 'state': '$'}]",4,2,11,11,10,2,0,0,4,tutorial
6790957496019241f9c4f750,4100-890bafe2-ac0e-44bf-b0cc-dafc8ce28587,enjoyable,3,38451,221468.39999997616,253263,"['  #####', '  #.  #', '###   #', '# $*$ #', '#   ###', '#@ .#', '#####']",7,7,"[{'x': 2, 'y': 3, 'state': '$'}, {'x': 3, 'y': 3, 'state': '*'}, {'x': 4, 'y': 3, 'state': '$'}]",1,5,17,17,17,6,0,0,5,tutorial
6790957496019241f9c4f74c,4276-4ddaddcc-c54d-41d1-af6f-2133eaf0afec,enjoyable,3,21377,274565.40000009537,289558,"['  #####', '  #.  #', '###   #', '# $*$ #', '#   ###', '#@ .#', '#####']",7,7,"[{'x': 2, 'y': 3, 'state': '$'}, {'x': 3, 'y': 3, 'state': '*'}, {'x': 4, 'y': 3, 'state': '$'}]",1,5,19,19,17,6,0,0,5,tutorial
6790957496019241f9c4f752,2300-5aa05f3a-c729-40b0-8f26-d0022b9b1c85,enjoyable,1,32073,129035.39999997616,158895,"['######', '#  $.#', '#@ $.#', '#    #', '######']",6,5,"[{'x': 3, 'y': 2, 'state': '$'}, {'x': 3, 'y': 1, 'state': '$'}]",1,2,16,15,14,5,1,0,3,tutorial
6790957496019241f9c4f752,2300-5aa05f3a-c729-40b0-8f26-d0022b9b1c85,enjoyable,2,29726,161429.30000007153,188928,"['######', '#    #', '#*$ @#', '#. ###', '######']",6,5,"[{'x': 1, 'y': 2, 'state': '*'}, {'x': 2, 'y': 2, 'state': '$'}]",4,2,24,17,16,3,0,7,4,tutorial
6790957496019241f9c4f752,2300-5aa05f3a-c729-40b0-8f26-d0022b9b1c85,enjoyable,3,17527,191461.80000007153,206768,"['  #####', '  #.  #', '###   #', '# $*$ #', '#   ###', '#@ .#', '#####']",7,7,"[{'x': 2, 'y': 3, 'state': '$'}, {'x': 3, 'y': 3, 'state': '*'}, {'x': 4, 'y': 3, 'state': '$'}]",1,5,17,17,17,6,0,0,5,tutorial
6790957496019241f9c4f74e,0799-2c5590b5-fa54-436d-8395-703473800521,enjoyable,1,78033,320683.9000005722,357840,"['######', '#  $.#', '#@ $.#', '#    #', '######']",6,5,"[{'x': 3, 'y': 2, 'state': '$'}, {'x': 3, 'y': 1, 'state': '$'}]",1,2,5,5,5,2,0,0,3,tutorial
6790957496019241f9c4f74b,8610-f32b74e5-8f2b-4565-b574-1e236b4658ef,enjoyable,1,21267,366673.89999999106,378931,"['######', '#  $.#', '#@ $.#', '#    #', '######']",6,5,"[{'x': 3, 'y': 2, 'state': '$'}, {'x': 3, 'y': 1, 'state': '$'}]",1,2,8,8,5,2,0,0,3,tutorial
6790957496019241f9c4f74e,0799-2c5590b5-fa54-436d-8395-703473800521,enjoyable,2,37959,399026.20000076294,396109,"['######', '#    #', '#*$ @#', '#. ###', '######']",6,5,"[{'x': 1, 'y': 2, 'state': '*'}, {'x': 2, 'y': 2, 'state': '$'}]",4,2,10,10,10,2,0,0,4,tutorial
6790956f96019241f9c4f663,3871-3a0e4f62-6126-47cc-a46d-aa1089959c88,difficult,1,12062,28889.699999999255,39741,"['######', '#  $.#', '#@ $.#', '#    #', '######']",6,5,"[{'x': 3, 'y': 2, 'state': '$'}, {'x': 3, 'y': 1, 'state': '$'}]",1,2,5,5,5,2,0,0,3,tutorial
6790956f96019241f9c4f663,3871-3a0e4f62-6126-47cc-a46d-aa1089959c88,difficult,2,22468,41265.900000002235,62515,"['######', '#    #', '#*$ @#', '#. ###', '######']",6,5,"[{'x': 1, 'y': 2, 'state': '*'}, {'x': 2, 'y': 2, 'state': '$'}]",4,2,11,11,10,2,0,0,4,tutorial
6790957496019241f9c4f74e,0799-2c5590b5-fa54-436d-8395-703473800521,enjoyable,3,56358,437295.30000019073,452772,"['  #####', '  #.  #', '###   #', '# $*$ #', '#   ###', '#@ .#', '#####']",7,7,"[{'x': 2, 'y': 3, 'state': '$'}, {'x': 3, 'y': 3, 'state': '*'}, {'x': 4, 'y': 3, 'state': '$'}]",1,5,17,17,17,6,0,0,5,tutorial
6790956f96019241f9c4f663,3871-3a0e4f62-6126-47cc-a46d-aa1089959c88,difficult,3,35341,64040.900000002235,98168,"['  #####', '  #.  #', '###   #', '# $*$ #', '#   ###', '#@ .#', '#####']",7,7,"[{'x': 2, 'y': 3, 'state': '$'}, {'x': 3, 'y': 3, 'state': '*'}, {'x': 4, 'y': 3, 'state': '$'}]",1,5,27,27,21,6,0,0,5,tutorial
6790957496019241f9c4f74b,8610-f32b74e5-8f2b-4565-b574-1e236b4658ef,enjoyable,2,218798,388249.299999997,598043,"['######', '#    #', '#*$ @#', '#. ###', '######']",6,5,"[{'x': 1, 'y': 2, 'state': '*'}, {'x': 2, 'y': 2, 'state': '$'}]",4,2,78,59,33,6,8,11,4,tutorial
6790956f96019241f9c4f664,2826-bf8c7c1b-487c-4903-aa24-a672f679d1ab,difficult,1,15324,74743.0,87916,"['######', '#  $.#', '#@ $.#', '#    #', '######']",6,5,"[{'x': 3, 'y': 2, 'state': '$'}, {'x': 3, 'y': 1, 'state': '$'}]",1,2,5,5,5,2,0,0,3,tutorial
6790957496019241f9c4f751,5197-3a69d2b2-ce0d-4022-8935-bbfdfcc1dd0f,enjoyable,1,159101,558842.7000000477,703190,"['######', '#  $.#', '#@ $.#', '#    #', '######']",6,5,"[{'x': 3, 'y': 2, 'state': '$'}, {'x': 3, 'y': 1, 'state': '$'}]",1,2,25,8,7,2,13,4,3,tutorial
6790956f96019241f9c4f664,2826-bf8c7c1b-487c-4903-aa24-a672f679d1ab,difficult,2,63587,90369.39999999851,151814,"['######', '#    #', '#*$ @#', '#. ###', '######']",6,5,"[{'x': 1, 'y': 2, 'state': '*'}, {'x': 2, 'y': 2, 'state': '$'}]",4,2,30,29,21,5,0,1,4,tutorial
6790956f96019241f9c4f664,2826-bf8c7c1b-487c-4903-aa24-a672f679d1ab,difficult,3,25891,154267.3999999985,178013,"['  #####', '  #.  #', '###   #', '# $*$ #', '#   ###', '#@ .#', '#####']",7,7,"[{'x': 2, 'y': 3, 'state': '$'}, {'x': 3, 'y': 3, 'state': '*'}, {'x': 4, 'y': 3, 'state': '$'}]",1,5,17,17,17,6,0,0,5,tutorial
6790957496019241f9c4f751,5197-3a69d2b2-ce0d-4022-8935-bbfdfcc1dd0f,enjoyable,2,76250,718257.3000001907,779757,"['######', '#    #', '#*$ @#', '#. ###', '######']",6,5,"[{'x': 1, 'y': 2, 'state': '*'}, {'x': 2, 'y': 2, 'state': '$'}]",4,2,20,18,16,3,1,1,4,tutorial
6790957496019241f9c4f74b,8610-f32b74e5-8f2b-4565-b574-1e236b4658ef,enjoyable,3,303062,607373.8999999911,901441,"['  #####', '  #.  #', '###   #', '# $*$ #', '#   ###', '#@ .#', '#####']",7,7,"[{'x': 2, 'y': 3, 'state': '$'}, {'x': 3, 'y': 3, 'state': '*'}, {'x': 4, 'y': 3, 'state': '$'}]",1,5,97,85,71,19,6,6,5,tutorial
6790957496019241f9c4f751,5197-3a69d2b2-ce0d-4022-8935-bbfdfcc1dd0f,enjoyable,3,88884,794823.7000000477,868954,"['  #####', '  #.  #', '###   #', '# $*$ #', '#   ###', '#@ .#', '#####']",7,7,"[{'x': 2, 'y': 3, 'state': '$'}, {'x': 3, 'y': 3, 'state': '*'}, {'x': 4, 'y': 3, 'state': '$'}]",1,5,17,17,17,6,0,0,5,tutorial
6790957496019241f9c4f746,0629-c68648a8-4e99-44a5-a190-62a0c9cb4e2b,enjoyable,1,22155,993127.5,1013586,"['######', '#  $.#', '#@ $.#', '#    #', '######']",6,5,"[{'x': 3, 'y': 2, 'state': '$'}, {'x': 3, 'y': 1, 'state': '$'}]",1,2,6,5,5,2,1,0,3,tutorial
6790957496019241f9c4f746,0629-c68648a8-4e99-44a5-a190-62a0c9cb4e2b,enjoyable,2,26808,1015586.5,1040704,"['######', '#    #', '#*$ @#', '#. ###', '######']",6,5,"[{'x': 1, 'y': 2, 'state': '*'}, {'x': 2, 'y': 2, 'state': '$'}]",4,2,18,17,14,3,1,0,4,tutorial
6790957496019241f9c4f746,0629-c68648a8-4e99-44a5-a190-62a0c9cb4e2b,enjoyable,3,52322,1042704.3000000119,1093332,"['  #####', '  #.  #', '###   #', '# $*$ #', '#   ###', '#@ .#', '#####']",7,7,"[{'x': 2, 'y': 3, 'state': '$'}, {'x': 3, 'y': 3, 'state': '*'}, {'x': 4, 'y': 3, 'state': '$'}]",1,5,18,18,17,6,0,0,5,tutorial
6790956f96019241f9c4f66e,9513-f1845b8b-e165-4fe9-971d-bc241ad2265d,difficult,1,33252,51481.69999998808,82027,"['######', '#  $.#', '#@ $.#', '#    #', '######']",6,5,"[{'x': 3, 'y': 2, 'state': '$'}, {'x': 3, 'y': 1, 'state': '$'}]",1,2,5,5,5,2,0,0,3,tutorial
6790956f96019241f9c4f66e,9513-f1845b8b-e165-4fe9-971d-bc241ad2265d,difficult,2,14980,85042.29999999702,97317,"['######', '#    #', '#*$ @#', '#. ###', '######']",6,5,"[{'x': 1, 'y': 2, 'state': '*'}, {'x': 2, 'y': 2, 'state': '$'}]",4,2,10,10,10,2,0,0,4,tutorial
6790956f96019241f9c4f66e,9513-f1845b8b-e165-4fe9-971d-bc241ad2265d,difficult,3,58246,100331.29999999702,155873,"['  #####', '  #.  #', '###   #', '# $*$ #', '#   ###', '#@ .#', '#####']",7,7,"[{'x': 2, 'y': 3, 'state': '$'}, {'x': 3, 'y': 3, 'state': '*'}, {'x': 4, 'y': 3, 'state': '$'}]",1,5,19,19,19,6,0,0,5,tutorial
6790957096019241f9c4f691,5672-fab8728b-5b13-44f5-ae1b-efa0cafa4a78,difficult,1,35463,96971.80000000005,131136,"['######', '#  $.#', '#@ $.#', '#    #', '######']",6,5,"[{'x': 3, 'y': 2, 'state': '$'}, {'x': 3, 'y': 1, 'state': '$'}]",1,2,6,6,6,2,0,0,3,tutorial
6790957196019241f9c4f6c5,2169-3a92dde0-7c87-427e-b80a-053b8c6e3046,difficult,1,14694,112665.69999998808,125975,"['######', '#  $.#', '#@ $.#', '#    #', '######']",6,5,"[{'x': 3, 'y': 2, 'state': '$'}, {'x': 3, 'y': 1, 'state': '$'}]",1,2,6,6,6,2,0,0,3,tutorial
6790957096019241f9c4f691,5672-fab8728b-5b13-44f5-ae1b-efa0cafa4a78,difficult,2,10590,132740.40000000002,142029,"['######', '#    #', '#*$ @#', '#. ###', '######']",6,5,"[{'x': 1, 'y': 2, 'state': '*'}, {'x': 2, 'y': 2, 'state': '$'}]",4,2,10,10,10,2,0,0,4,tutorial
6790957096019241f9c4f691,5672-fab8728b-5b13-44f5-ae1b-efa0cafa4a78,difficult,3,15498,143633.40000000002,157830,"['  #####', '  #.  #', '###   #', '# $*$ #', '#   ###', '#@ .#', '#####']",7,7,"[{'x': 2, 'y': 3, 'state': '$'}, {'x': 3, 'y': 3, 'state': '*'}, {'x': 4, 'y': 3, 'state': '$'}]",1,5,17,17,17,6,0,0,5,tutorial
6790957196019241f9c4f6c5,2169-3a92dde0-7c87-427e-b80a-053b8c6e3046,difficult,2,23842,127666.89999997616,150134,"['######', '#    #', '#*$ @#', '#. ###', '######']",6,5,"[{'x': 1, 'y': 2, 'state': '*'}, {'x': 2, 'y': 2, 'state': '$'}]",4,2,18,17,17,4,1,0,4,tutorial
6790956f96019241f9c4f664,2609-59fc8809-2290-42aa-9425-312fcb5fb0c5,difficult,1,13322,257818.40000003576,268674,"['######', '#  $.#', '#@ $.#', '#    #', '######']",6,5,"[{'x': 3, 'y': 2, 'state': '$'}, {'x': 3, 'y': 1, 'state': '$'}]",1,2,5,5,5,2,0,0,3,tutorial
6790957196019241f9c4f6c5,2169-3a92dde0-7c87-427e-b80a-053b8c6e3046,difficult,3,28525,151825.69999998808,178970,"['  #####', '  #.  #', '###   #', '# $*$ #', '#   ###', '#@ .#', '#####']",7,7,"[{'x': 2, 'y': 3, 'state': '$'}, {'x': 3, 'y': 3, 'state': '*'}, {'x': 4, 'y': 3, 'state': '$'}]",1,5,17,17,17,6,0,0,5,tutorial
6790956f96019241f9c4f664,2609-59fc8809-2290-42aa-9425-312fcb5fb0c5,difficult,2,16570,271444.1999999881,285548,"['######', '#    #', '#*$ @#', '#. ###', '######']",6,5,"[{'x': 1, 'y': 2, 'state': '*'}, {'x': 2, 'y': 2, 'state': '$'}]",4,2,11,11,10,2,0,0,4,tutorial
6790956f96019241f9c4f664,2609-59fc8809-2290-42aa-9425-312fcb5fb0c5,difficult,3,43929,288318.3000000119,329782,"['  #####', '  #.  #', '###   #', '# $*$ #', '#   ###', '#@ .#', '#####']",7,7,"[{'x': 2, 'y': 3, 'state': '$'}, {'x': 3, 'y': 3, 'state': '*'}, {'x': 4, 'y': 3, 'state': '$'}]",1,5,48,32,31,10,1,15,5,tutorial
6790957196019241f9c4f6ca,3893-f44e0eba-5167-40d5-9258-53e9a3299a75,enjoyable,1,36349,254496.90000000596,283247,"['######', '#  $.#', '#@ $.#', '#    #', '######']",6,5,"[{'x': 3, 'y': 2, 'state': '$'}, {'x': 3, 'y': 1, 'state': '$'}]",1,2,7,7,5,2,0,0,3,tutorial
6790957196019241f9c4f6ca,3893-f44e0eba-5167-40d5-9258-53e9a3299a75,enjoyable,2,43347,291154.0,326913,"['######', '#    #', '#*$ @#', '#. ###', '######']",6,5,"[{'x': 1, 'y': 2, 'state': '*'}, {'x': 2, 'y': 2, 'state': '$'}]",4,2,30,23,17,4,0,7,4,tutorial
6790957196019241f9c4f6ca,3893-f44e0eba-5167-40d5-9258-53e9a3299a75,enjoyable,3,30936,334819.5,358155,"['  #####', '  #.  #', '###   #', '# $*$ #', '#   ###', '#@ .#', '#####']",7,7,"[{'x': 2, 'y': 3, 'state': '$'}, {'x': 3, 'y': 3, 'state': '*'}, {'x': 4, 'y': 3, 'state': '$'}]",1,5,17,17,17,6,0,0,5,tutorial
6790957296019241f9c4f6ee,4482-a3257883-8c0d-4716-9c5f-4c76fd331aeb,difficult,1,19845,650652.1999999881,666692,"['######', '#  $.#', '#@ $.#', '#    #', '######']",6,5,"[{'x': 3, 'y': 2, 'state': '$'}, {'x': 3, 'y': 1, 'state': '$'}]",1,2,10,8,8,3,0,2,3,tutorial
6790957296019241f9c4f6ee,4482-a3257883-8c0d-4716-9c5f-4c76fd331aeb,difficult,2,12148,670844.400000006,679161,"['######', '#    #', '#*$ @#', '#. ###', '######']",6,5,"[{'x': 1, 'y': 2, 'state': '*'}, {'x': 2, 'y': 2, 'state': '$'}]",4,2,10,10,10,2,0,0,4,tutorial
6790957296019241f9c4f6ee,4482-a3257883-8c0d-4716-9c5f-4c76fd331aeb,difficult,3,10677,683306.0,690149,"['  #####', '  #.  #', '###   #', '# $*$ #', '#   ###', '#@ .#', '#####']",7,7,"[{'x': 2, 'y': 3, 'state': '$'}, {'x': 3, 'y': 3, 'state': '*'}, {'x': 4, 'y': 3, 'state': '$'}]",1,5,17,17,17,6,0,0,5,tutorial
6790957396019241f9c4f709,6929-54b2c7b9-c04b-4644-91e9-280df903bdb5,difficult,1,9867,21663.899999976158,26971,"['######', '#  $.#', '#@ $.#', '#    #', '######']",6,5,"[{'x': 3, 'y': 2, 'state': '$'}, {'x': 3, 'y': 1, 'state': '$'}]",1,2,5,5,5,2,0,0,3,tutorial
6790957396019241f9c4f709,6929-54b2c7b9-c04b-4644-91e9-280df903bdb5,difficult,2,15555,31840.799999952316,42840,"['######', '#    #', '#*$ @#', '#. ###', '######']",6,5,"[{'x': 1, 'y': 2, 'state': '*'}, {'x': 2, 'y': 2, 'state': '$'}]",4,2,10,10,10,2,0,0,4,tutorial
6790957396019241f9c4f709,6929-54b2c7b9-c04b-4644-91e9-280df903bdb5,difficult,3,36095,47710.39999997616,79244,"['  #####', '  #.  #', '###   #', '# $*$ #', '#   ###', '#@ .#', '#####']",7,7,"[{'x': 2, 'y': 3, 'state': '$'}, {'x': 3, 'y': 3, 'state': '*'}, {'x': 4, 'y': 3, 'state': '$'}]",1,5,17,17,17,6,0,0,5,tutorial
6790957396019241f9c4f6ff,2622-d91f2f2a-1d48-477d-91fe-2fad2d087657,enjoyable,1,10157,794581.7999999821,798628,"['######', '#  $.#', '#@ $.#', '#    #', '######']",6,5,"[{'x': 3, 'y': 2, 'state': '$'}, {'x': 3, 'y': 1, 'state': '$'}]",1,2,7,7,7,2,0,0,3,tutorial
6790957396019241f9c4f6ff,2622-d91f2f2a-1d48-477d-91fe-2fad2d087657,enjoyable,2,11785,805048.599999994,810718,"['######', '#    #', '#*$ @#', '#. ###', '######']",6,5,"[{'x': 1, 'y': 2, 'state': '*'}, {'x': 2, 'y': 2, 'state': '$'}]",4,2,10,10,10,2,0,0,4,tutorial
6790957396019241f9c4f6ff,2622-d91f2f2a-1d48-477d-91fe-2fad2d087657,enjoyable,3,23443,817138.7999999821,834469,"['  #####', '  #.  #', '###   #', '# $*$ #', '#   ###', '#@ .#', '#####']",7,7,"[{'x': 2, 'y': 3, 'state': '$'}, {'x': 3, 'y': 3, 'state': '*'}, {'x': 4, 'y': 3, 'state': '$'}]",1,5,19,19,19,6,0,0,5,tutorial
6790957496019241f9c4f735,3278-8d34e65b-f367-4e77-b204-00e31c00e106,difficult,1,36040,88987.20000000298,115955,"['######', '#  $.#', '#@ $.#', '#    #', '######']",6,5,"[{'x': 3, 'y': 2, 'state': '$'}, {'x': 3, 'y': 1, 'state': '$'}]",1,2,6,6,5,2,0,0,3,tutorial
6790957396019241f9c4f725,3538-b6118a72-55ca-441a-b408-4ed4771c454f,enjoyable,1,167915,187618.5,339617,"['######', '#  $.#', '#@ $.#', '#    #', '######']",6,5,"[{'x': 3, 'y': 2, 'state': '$'}, {'x': 3, 'y': 1, 'state': '$'}]",1,2,13,9,9,2,3,1,3,tutorial
6790957396019241f9c4f725,3538-b6118a72-55ca-441a-b408-4ed4771c454f,enjoyable,2,28100,355860.2000002861,368042,"['######', '#    #', '#*$ @#', '#. ###', '######']",6,5,"[{'x': 1, 'y': 2, 'state': '*'}, {'x': 2, 'y': 2, 'state': '$'}]",4,2,11,11,10,2,0,0,4,tutorial
6790957496019241f9c4f735,3278-8d34e65b-f367-4e77-b204-00e31c00e106,difficult,2,149124,125340.5,265382,"['######', '#    #', '#*$ @#', '#. ###', '######']",6,5,"[{'x': 1, 'y': 2, 'state': '*'}, {'x': 2, 'y': 2, 'state': '$'}]",4,2,42,29,21,4,2,11,4,tutorial
6790957496019241f9c4f735,3278-8d34e65b-f367-4e77-b204-00e31c00e106,difficult,3,32214,274769.59999999404,297904,"['  #####', '  #.  #', '###   #', '# $*$ #', '#   ###', '#@ .#', '#####']",7,7,"[{'x': 2, 'y': 3, 'state': '$'}, {'x': 3, 'y': 3, 'state': '*'}, {'x': 4, 'y': 3, 'state': '$'}]",1,5,32,32,25,6,0,0,5,tutorial
6790957396019241f9c4f725,3538-b6118a72-55ca-441a-b408-4ed4771c454f,enjoyable,3,52538,384281.40000009537,420892,"['  #####', '  #.  #', '###   #', '# $*$ #', '#   ###', '#@ .#', '#####']",7,7,"[{'x': 2, 'y': 3, 'state': '$'}, {'x': 3, 'y': 3, 'state': '*'}, {'x': 4, 'y': 3, 'state': '$'}]",1,5,31,30,30,7,0,1,5,tutorial
6790956f96019241f9c4f665,3750-77ff9a35-0dc1-46ed-af20-1ece735506c1,difficult,1,132169,132458.10000038147,259329,"['######', '#  $.#', '#@ $.#', '#    #', '######']",6,5,"[{'x': 3, 'y': 2, 'state': '$'}, {'x': 3, 'y': 1, 'state': '$'}]",1,2,6,6,6,2,0,0,3,tutorial
6790956f96019241f9c4f665,3750-77ff9a35-0dc1-46ed-af20-1ece735506c1,difficult,2,21679,264930.5,281311,"['######', '#    #', '#*$ @#', '#. ###', '######']",6,5,"[{'x': 1, 'y': 2, 'state': '*'}, {'x': 2, 'y': 2, 'state': '$'}]",4,2,10,10,10,2,0,0,4,tutorial
6790956f96019241f9c4f665,3750-77ff9a35-0dc1-46ed-af20-1ece735506c1,difficult,3,34724,286912.10000038147,316337,"['  #####', '  #.  #', '###   #', '# $*$ #', '#   ###', '#@ .#', '#####']",7,7,"[{'x': 2, 'y': 3, 'state': '$'}, {'x': 3, 'y': 3, 'state': '*'}, {'x': 4, 'y': 3, 'state': '$'}]",1,5,17,17,17,6,0,0,5,tutorial
6790957396019241f9c4f708,2771-63e37dc5-2ae1-4dcb-b76c-80d17fb73453,difficult,1,9825,17003905.6,16996609,"['######', '#  $.#', '#@ $.#', '#    #', '######']",6,5,"[{'x': 3, 'y': 2, 'state': '$'}, {'x': 3, 'y': 1, 'state': '$'}]",1,2,5,5,5,2,0,0,3,tutorial
6790957396019241f9c4f708,2771-63e37dc5-2ae1-4dcb-b76c-80d17fb73453,difficult,2,15134,17014053.4,17012056,"['######', '#    #', '#*$ @#', '#. ###', '######']",6,5,"[{'x': 1, 'y': 2, 'state': '*'}, {'x': 2, 'y': 2, 'state': '$'}]",4,2,10,10,10,2,0,0,4,tutorial
6790957396019241f9c4f708,2771-63e37dc5-2ae1-4dcb-b76c-80d17fb73453,difficult,3,21421,17029499.300000004,17033791,"['  #####', '  #.  #', '###   #', '# $*$ #', '#   ###', '#@ .#', '#####']",7,7,"[{'x': 2, 'y': 3, 'state': '$'}, {'x': 3, 'y': 3, 'state': '*'}, {'x': 4, 'y': 3, 'state': '$'}]",1,5,17,17,17,6,0,0,5,tutorial
6790956f96019241f9c4f667,5280-8ce51713-3ccf-4430-8fa0-9c760b6c1af7,difficult,1,26485,262242.7000000477,285869,"['######', '#  $.#', '#@ $.#', '#    #', '######']",6,5,"[{'x': 3, 'y': 2, 'state': '$'}, {'x': 3, 'y': 1, 'state': '$'}]",1,2,8,8,7,2,0,0,3,tutorial
6790956f96019241f9c4f667,5280-8ce51713-3ccf-4430-8fa0-9c760b6c1af7,difficult,2,27032,289037.2000000477,313210,"['######', '#    #', '#*$ @#', '#. ###', '######']",6,5,"[{'x': 1, 'y': 2, 'state': '*'}, {'x': 2, 'y': 2, 'state': '$'}]",4,2,10,10,10,2,0,0,4,tutorial
6790956f96019241f9c4f667,5280-8ce51713-3ccf-4430-8fa0-9c760b6c1af7,difficult,3,38235,316377.10000002384,351751,"['  #####', '  #.  #', '###   #', '# $*$ #', '#   ###', '#@ .#', '#####']",7,7,"[{'x': 2, 'y': 3, 'state': '$'}, {'x': 3, 'y': 3, 'state': '*'}, {'x': 4, 'y': 3, 'state': '$'}]",1,5,21,21,21,6,0,0,5,tutorial
6790956f96019241f9c4f678,6384-7e0e3467-a95e-4a3d-9193-747b59183c07,enjoyable,1,18542,52138.39999997616,68611,"['######', '#  $.#', '#@ $.#', '#    #', '######']",6,5,"[{'x': 3, 'y': 2, 'state': '$'}, {'x': 3, 'y': 1, 'state': '$'}]",1,2,7,7,7,2,0,0,3,tutorial
6790956f96019241f9c4f678,6384-7e0e3467-a95e-4a3d-9193-747b59183c07,enjoyable,2,28423,70990.80000007153,97339,"['######', '#    #', '#*$ @#', '#. ###', '######']",6,5,"[{'x': 1, 'y': 2, 'state': '*'}, {'x': 2, 'y': 2, 'state': '$'}]",4,2,27,26,24,4,1,0,4,tutorial
6790957096019241f9c4f683,2071-a6cae3ec-8f0d-45ac-8fc8-424b6cca2095,enjoyable,1,12638,72282.30000001192,62978,"['######', '#  $.#', '#@ $.#', '#    #', '######']",6,5,"[{'x': 3, 'y': 2, 'state': '$'}, {'x': 3, 'y': 1, 'state': '$'}]",1,2,5,5,5,2,0,0,3,tutorial
6790956f96019241f9c4f678,6384-7e0e3467-a95e-4a3d-9193-747b59183c07,enjoyable,3,16402,99718.20000004768,114047,"['  #####', '  #.  #', '###   #', '# $*$ #', '#   ###', '#@ .#', '#####']",7,7,"[{'x': 2, 'y': 3, 'state': '$'}, {'x': 3, 'y': 3, 'state': '*'}, {'x': 4, 'y': 3, 'state': '$'}]",1,5,17,17,17,6,0,0,5,tutorial
6790956f96019241f9c4f681,1957-ef2447a4-ff4d-47d2-a6d5-e4b1459993f4,enjoyable,1,20774,78298.29999995232,97531,"['######', '#  $.#', '#@ $.#', '#    #', '######']",6,5,"[{'x': 3, 'y': 2, 'state': '$'}, {'x': 3, 'y': 1, 'state': '$'}]",1,2,6,6,5,2,0,0,3,tutorial
6790957096019241f9c4f683,2071-a6cae3ec-8f0d-45ac-8fc8-424b6cca2095,enjoyable,2,29960,85230.10000002384,93245,"['######', '#    #', '#*$ @#', '#. ###', '######']",6,5,"[{'x': 1, 'y': 2, 'state': '*'}, {'x': 2, 'y': 2, 'state': '$'}]",4,2,27,21,18,3,0,6,4,tutorial
6790956f96019241f9c4f681,1957-ef2447a4-ff4d-47d2-a6d5-e4b1459993f4,enjoyable,2,30366,99376.0,128208,"['######', '#    #', '#*$ @#', '#. ###', '######']",6,5,"[{'x': 1, 'y': 2, 'state': '*'}, {'x': 2, 'y': 2, 'state': '$'}]",4,2,12,12,10,2,0,0,4,tutorial
6790956f96019241f9c4f681,1957-ef2447a4-ff4d-47d2-a6d5-e4b1459993f4,enjoyable,3,37008,130053.29999995232,165526,"['  #####', '  #.  #', '###   #', '# $*$ #', '#   ###', '#@ .#', '#####']",7,7,"[{'x': 2, 'y': 3, 'state': '$'}, {'x': 3, 'y': 3, 'state': '*'}, {'x': 4, 'y': 3, 'state': '$'}]",1,5,18,18,17,6,0,0,5,tutorial
6790957096019241f9c4f683,2071-a6cae3ec-8f0d-45ac-8fc8-424b6cca2095,enjoyable,3,68700,115499.10000002384,162253,"['  #####', '  #.  #', '###   #', '# $*$ #', '#   ###', '#@ .#', '#####']",7,7,"[{'x': 2, 'y': 3, 'state': '$'}, {'x': 3, 'y': 3, 'state': '*'}, {'x': 4, 'y': 3, 'state': '$'}]",1,5,63,62,52,10,1,0,5,tutorial
6790957096019241f9c4f68a,0192-01175e65-f754-4542-8f54-b71da7f06e66,enjoyable,1,16957,105708.39999997616,110047,"['######', '#  $.#', '#@ $.#', '#    #', '######']",6,5,"[{'x': 3, 'y': 2, 'state': '$'}, {'x': 3, 'y': 1, 'state': '$'}]",1,2,5,5,5,2,0,0,3,tutorial
6790957096019241f9c4f68a,0192-01175e65-f754-4542-8f54-b71da7f06e66,enjoyable,2,29918,122969.70000004768,140277,"['######', '#    #', '#*$ @#', '#. ###', '######']",6,5,"[{'x': 1, 'y': 2, 'state': '*'}, {'x': 2, 'y': 2, 'state': '$'}]",4,2,19,15,14,4,0,4,4,tutorial
6790957096019241f9c4f68a,0192-01175e65-f754-4542-8f54-b71da7f06e66,enjoyable,3,20939,153203.0,161532,"['  #####', '  #.  #', '###   #', '# $*$ #', '#   ###', '#@ .#', '#####']",7,7,"[{'x': 2, 'y': 3, 'state': '$'}, {'x': 3, 'y': 3, 'state': '*'}, {'x': 4, 'y': 3, 'state': '$'}]",1,5,17,17,17,6,0,0,5,tutorial
6790957096019241f9c4f685,7663-5ff08936-5712-4856-bbd5-01b708cf1ac2,enjoyable,1,17414,265383.5,282111,"['######', '#  $.#', '#@ $.#', '#    #', '######']",6,5,"[{'x': 3, 'y': 2, 'state': '$'}, {'x': 3, 'y': 1, 'state': '$'}]",1,2,6,6,6,2,0,0,3,tutorial
6790957096019241f9c4f686,7914-0d50ad8c-28e3-41d7-b4ae-88c4a2c366b0,enjoyable,1,82669,201872.5,269264,"['######', '#  $.#', '#@ $.#', '#    #', '######']",6,5,"[{'x': 3, 'y': 2, 'state': '$'}, {'x': 3, 'y': 1, 'state': '$'}]",1,2,9,6,6,2,2,1,3,tutorial
6790957096019241f9c4f68d,1314-ce9da3c3-fe6b-4646-82d4-383e4e34e644,difficult,1,48111,263639.0,240991,"['######', '#  $.#', '#@ $.#', '#    #', '######']",6,5,"[{'x': 3, 'y': 2, 'state': '$'}, {'x': 3, 'y': 1, 'state': '$'}]",1,2,9,5,5,2,1,3,3,tutorial
6790957096019241f9c4f685,7663-5ff08936-5712-4856-bbd5-01b708cf1ac2,enjoyable,2,18742,283104.40000000596,301158,"['######', '#    #', '#*$ @#', '#. ###', '######']",6,5,"[{'x': 1, 'y': 2, 'state': '*'}, {'x': 2, 'y': 2, 'state': '$'}]",4,2,10,10,10,2,0,0,4,tutorial
6790957096019241f9c4f684,5265-547d8c5e-8fa3-453b-a8b1-203383fee34f,enjoyable,1,58213,292029.0,318863,"['######', '#  $.#', '#@ $.#', '#    #', '######']",6,5,"[{'x': 3, 'y': 2, 'state': '$'}, {'x': 3, 'y': 1, 'state': '$'}]",1,2,9,9,7,2,0,0,3,tutorial
6790957096019241f9c4f686,7914-0d50ad8c-28e3-41d7-b4ae-88c4a2c366b0,enjoyable,2,18408,284848.90000000596,287981,"['######', '#    #', '#*$ @#', '#. ###', '######']",6,5,"[{'x': 1, 'y': 2, 'state': '*'}, {'x': 2, 'y': 2, 'state': '$'}]",4,2,10,10,10,2,0,0,4,tutorial
6790957096019241f9c4f68e,8581-d29f6912-5f73-4d6b-8fa4-7860da2650ab,difficult,1,15332,221226.0,208210,"['######', '#  $.#', '#@ $.#', '#    #', '######']",6,5,"[{'x': 3, 'y': 2, 'state': '$'}, {'x': 3, 'y': 1, 'state': '$'}]",1,2,5,5,5,2,0,0,3,tutorial
6790957096019241f9c4f684,5265-547d8c5e-8fa3-453b-a8b1-203383fee34f,enjoyable,2,32568,350566.0,351753,"['######', '#    #', '#*$ @#', '#. ###', '######']",6,5,"[{'x': 1, 'y': 2, 'state': '*'}, {'x': 2, 'y': 2, 'state': '$'}]",4,2,11,11,10,2,0,0,4,tutorial
6790957096019241f9c4f68e,8581-d29f6912-5f73-4d6b-8fa4-7860da2650ab,difficult,2,28931,236885.29999995232,237455,"['######', '#    #', '#*$ @#', '#. ###', '######']",6,5,"[{'x': 1, 'y': 2, 'state': '*'}, {'x': 2, 'y': 2, 'state': '$'}]",4,2,12,11,11,3,0,1,4,tutorial
6790957096019241f9c4f686,7914-0d50ad8c-28e3-41d7-b4ae-88c4a2c366b0,enjoyable,3,46115,303566.09999999404,334402,"['  #####', '  #.  #', '###   #', '# $*$ #', '#   ###', '#@ .#', '#####']",7,7,"[{'x': 2, 'y': 3, 'state': '$'}, {'x': 3, 'y': 3, 'state': '*'}, {'x': 4, 'y': 3, 'state': '$'}]",1,5,17,17,17,6,0,0,5,tutorial
6790957096019241f9c4f685,7663-5ff08936-5712-4856-bbd5-01b708cf1ac2,enjoyable,3,64828,302151.60000002384,366291,"['  #####', '  #.  #', '###   #', '# $*$ #', '#   ###', '#@ .#', '#####']",7,7,"[{'x': 2, 'y': 3, 'state': '$'}, {'x': 3, 'y': 3, 'state': '*'}, {'x': 4, 'y': 3, 'state': '$'}]",1,5,49,38,38,10,1,10,5,tutorial
6790957096019241f9c4f688,3257-854f8fa4-1d0d-4b8e-b73e-9a4f7a065995,enjoyable,1,18764,367905.39999999106,356289,"['######', '#  $.#', '#@ $.#', '#    #', '######']",6,5,"[{'x': 3, 'y': 2, 'state': '$'}, {'x': 3, 'y': 1, 'state': '$'}]",1,2,6,6,6,2,0,0,3,tutorial
6790957096019241f9c4f68e,8581-d29f6912-5f73-4d6b-8fa4-7860da2650ab,difficult,3,33470,266126.7999999523,271242,"['  #####', '  #.  #', '###   #', '# $*$ #', '#   ###', '#@ .#', '#####']",7,7,"[{'x': 2, 'y': 3, 'state': '$'}, {'x': 3, 'y': 3, 'state': '*'}, {'x': 4, 'y': 3, 'state': '$'}]",1,5,21,21,21,6,0,0,5,tutorial
6790957096019241f9c4f68d,1314-ce9da3c3-fe6b-4646-82d4-383e4e34e644,difficult,2,110633,312061.9000000004,351946,"['######', '#    #', '#*$ @#', '#. ###', '######']",6,5,"[{'x': 1, 'y': 2, 'state': '*'}, {'x': 2, 'y': 2, 'state': '$'}]",4,2,45,41,30,4,2,2,4,tutorial
6790957096019241f9c4f688,3257-854f8fa4-1d0d-4b8e-b73e-9a4f7a065995,enjoyable,2,34454,386999.09999999404,391068,"['######', '#    #', '#*$ @#', '#. ###', '######']",6,5,"[{'x': 1, 'y': 2, 'state': '*'}, {'x': 2, 'y': 2, 'state': '$'}]",4,2,12,12,12,2,0,0,4,tutorial
6790957096019241f9c4f684,5265-547d8c5e-8fa3-453b-a8b1-203383fee34f,enjoyable,3,92950,383450.0,445022,"['  #####', '  #.  #', '###   #', '# $*$ #', '#   ###', '#@ .#', '#####']",7,7,"[{'x': 2, 'y': 3, 'state': '$'}, {'x': 3, 'y': 3, 'state': '*'}, {'x': 4, 'y': 3, 'state': '$'}]",1,5,47,44,40,11,1,2,5,tutorial
6790957096019241f9c4f688,3257-854f8fa4-1d0d-4b8e-b73e-9a4f7a065995,enjoyable,3,23618,421768.700000003,414995,"['  #####', '  #.  #', '###   #', '# $*$ #', '#   ###', '#@ .#', '#####']",7,7,"[{'x': 2, 'y': 3, 'state': '$'}, {'x': 3, 'y': 3, 'state': '*'}, {'x': 4, 'y': 3, 'state': '$'}]",1,5,19,19,19,6,0,0,5,tutorial
6790957096019241f9c4f68d,1314-ce9da3c3-fe6b-4646-82d4-383e4e34e644,difficult,3,37536,423015.1000000015,389800,"['  #####', '  #.  #', '###   #', '# $*$ #', '#   ###', '#@ .#', '#####']",7,7,"[{'x': 2, 'y': 3, 'state': '$'}, {'x': 3, 'y': 3, 'state': '*'}, {'x': 4, 'y': 3, 'state': '$'}]",1,5,19,19,19,6,0,0,5,tutorial
6790957096019241f9c4f697,8951-3d167f8f-5bc9-497a-b1d7-1caad20cc1c8,difficult,1,8406,103779.10000002384,104479,"['######', '#  $.#', '#@ $.#', '#    #', '######']",6,5,"[{'x': 3, 'y': 2, 'state': '$'}, {'x': 3, 'y': 1, 'state': '$'}]",1,2,7,7,6,2,0,0,3,tutorial
6790957096019241f9c4f697,8951-3d167f8f-5bc9-497a-b1d7-1caad20cc1c8,difficult,2,15765,112488.0,120546,"['######', '#    #', '#*$ @#', '#. ###', '######']",6,5,"[{'x': 1, 'y': 2, 'state': '*'}, {'x': 2, 'y': 2, 'state': '$'}]",4,2,17,16,14,3,1,0,4,tutorial
6790957096019241f9c4f697,8951-3d167f8f-5bc9-497a-b1d7-1caad20cc1c8,difficult,3,18688,128554.79999995232,139540,"['  #####', '  #.  #', '###   #', '# $*$ #', '#   ###', '#@ .#', '#####']",7,7,"[{'x': 2, 'y': 3, 'state': '$'}, {'x': 3, 'y': 3, 'state': '*'}, {'x': 4, 'y': 3, 'state': '$'}]",1,5,19,19,17,6,0,0,5,tutorial
6790957096019241f9c4f69a,7529-3ec64e01-6077-4d19-a204-210b64283fea,difficult,1,11251,35159.10000000149,43699,"['######', '#  $.#', '#@ $.#', '#    #', '######']",6,5,"[{'x': 3, 'y': 2, 'state': '$'}, {'x': 3, 'y': 1, 'state': '$'}]",1,2,5,5,5,2,0,0,3,tutorial
6790957096019241f9c4f69a,7529-3ec64e01-6077-4d19-a204-210b64283fea,difficult,2,17966,46720.89999999851,61967,"['######', '#    #', '#*$ @#', '#. ###', '######']",6,5,"[{'x': 1, 'y': 2, 'state': '*'}, {'x': 2, 'y': 2, 'state': '$'}]",4,2,15,14,14,3,1,0,4,tutorial
6790957096019241f9c4f69a,7529-3ec64e01-6077-4d19-a204-210b64283fea,difficult,3,19095,64989.5,81377,"['  #####', '  #.  #', '###   #', '# $*$ #', '#   ###', '#@ .#', '#####']",7,7,"[{'x': 2, 'y': 3, 'state': '$'}, {'x': 3, 'y': 3, 'state': '*'}, {'x': 4, 'y': 3, 'state': '$'}]",1,5,27,27,27,6,0,0,5,tutorial
6790956f96019241f9c4f67b,6021-6c1bc3be-106c-48bd-9c1c-e41abc08f1a0,enjoyable,1,20519,913147.7000002861,927754,"['######', '#  $.#', '#@ $.#', '#    #', '######']",6,5,"[{'x': 3, 'y': 2, 'state': '$'}, {'x': 3, 'y': 1, 'state': '$'}]",1,2,5,5,5,2,0,0,3,tutorial
6790957096019241f9c4f698,8041-e1e4a268-ea82-4b76-b01d-b359b53f910f,difficult,1,14165,286168.60000002384,295791,"['######', '#  $.#', '#@ $.#', '#    #', '######']",6,5,"[{'x': 3, 'y': 2, 'state': '$'}, {'x': 3, 'y': 1, 'state': '$'}]",1,2,5,5,5,2,0,0,3,tutorial
6790956f96019241f9c4f67b,6021-6c1bc3be-106c-48bd-9c1c-e41abc08f1a0,enjoyable,2,20363,933977.4000000954,948424,"['######', '#    #', '#*$ @#', '#. ###', '######']",6,5,"[{'x': 1, 'y': 2, 'state': '*'}, {'x': 2, 'y': 2, 'state': '$'}]",4,2,10,10,10,2,0,0,4,tutorial
6790957096019241f9c4f698,8041-e1e4a268-ea82-4b76-b01d-b359b53f910f,difficult,2,32359,300636.60000002384,328451,"['######', '#    #', '#*$ @#', '#. ###', '######']",6,5,"[{'x': 1, 'y': 2, 'state': '*'}, {'x': 2, 'y': 2, 'state': '$'}]",4,2,20,19,17,4,1,0,4,tutorial
6790957096019241f9c4f698,8041-e1e4a268-ea82-4b76-b01d-b359b53f910f,difficult,3,35370,333297.60000002384,364125,"['  #####', '  #.  #', '###   #', '# $*$ #', '#   ###', '#@ .#', '#####']",7,7,"[{'x': 2, 'y': 3, 'state': '$'}, {'x': 3, 'y': 3, 'state': '*'}, {'x': 4, 'y': 3, 'state': '$'}]",1,5,36,35,32,9,1,0,5,tutorial
6790956f96019241f9c4f67b,6021-6c1bc3be-106c-48bd-9c1c-e41abc08f1a0,enjoyable,3,243634,954645.5999999046,1192363,"['  #####', '  #.  #', '###   #', '# $*$ #', '#   ###', '#@ .#', '#####']",7,7,"[{'x': 2, 'y': 3, 'state': '$'}, {'x': 3, 'y': 3, 'state': '*'}, {'x': 4, 'y': 3, 'state': '$'}]",1,5,17,17,17,6,0,0,5,tutorial
6790957096019241f9c4f69e,3709-9586c69a-f480-4cf3-b79e-9d580ed805f2,difficult,1,32475,153210.5,179638,"['######', '#  $.#', '#@ $.#', '#    #', '######']",6,5,"[{'x': 3, 'y': 2, 'state': '$'}, {'x': 3, 'y': 1, 'state': '$'}]",1,2,6,6,6,2,0,0,3,tutorial
6790957096019241f9c4f69e,3709-9586c69a-f480-4cf3-b79e-9d580ed805f2,difficult,2,23118,185996.29999999702,203069,"['######', '#    #', '#*$ @#', '#. ###', '######']",6,5,"[{'x': 1, 'y': 2, 'state': '*'}, {'x': 2, 'y': 2, 'state': '$'}]",4,2,10,10,10,2,0,0,4,tutorial
6790957096019241f9c4f69e,3709-9586c69a-f480-4cf3-b79e-9d580ed805f2,difficult,3,34767,209429.70000000298,238149,"['  #####', '  #.  #', '###   #', '# $*$ #', '#   ###', '#@ .#', '#####']",7,7,"[{'x': 2, 'y': 3, 'state': '$'}, {'x': 3, 'y': 3, 'state': '*'}, {'x': 4, 'y': 3, 'state': '$'}]",1,5,17,17,17,6,0,0,5,tutorial
6790957096019241f9c4f696,2188-5eac293b-ee8a-43f3-bdfe-ca419139d3f6,difficult,1,18684,2121958.6000000015,2139680,"['######', '#  $.#', '#@ $.#', '#    #', '######']",6,5,"[{'x': 3, 'y': 2, 'state': '$'}, {'x': 3, 'y': 1, 'state': '$'}]",1,2,7,7,7,2,0,0,3,tutorial
6790957096019241f9c4f696,2188-5eac293b-ee8a-43f3-bdfe-ca419139d3f6,difficult,2,19857,2140947.8999999985,2159845,"['######', '#    #', '#*$ @#', '#. ###', '######']",6,5,"[{'x': 1, 'y': 2, 'state': '*'}, {'x': 2, 'y': 2, 'state': '$'}]",4,2,18,17,17,4,1,0,4,tutorial
6790957096019241f9c4f696,2188-5eac293b-ee8a-43f3-bdfe-ca419139d3f6,difficult,3,12833,2161112.8000000007,2172990,"['  #####', '  #.  #', '###   #', '# $*$ #', '#   ###', '#@ .#', '#####']",7,7,"[{'x': 2, 'y': 3, 'state': '$'}, {'x': 3, 'y': 3, 'state': '*'}, {'x': 4, 'y': 3, 'state': '$'}]",1,5,17,17,17,6,0,0,5,tutorial
6790957196019241f9c4f6ad,8833-29af3de5-1c4f-431a-bad5-b6a3e01b60ce,enjoyable,1,11642,41376.59999999998,48620,"['######', '#  $.#', '#@ $.#', '#    #', '######']",6,5,"[{'x': 3, 'y': 2, 'state': '$'}, {'x': 3, 'y': 1, 'state': '$'}]",1,2,6,6,6,2,0,0,3,tutorial
6790957196019241f9c4f6ad,8833-29af3de5-1c4f-431a-bad5-b6a3e01b60ce,enjoyable,2,19621,53340.40000000002,68550,"['######', '#    #', '#*$ @#', '#. ###', '######']",6,5,"[{'x': 1, 'y': 2, 'state': '*'}, {'x': 2, 'y': 2, 'state': '$'}]",4,2,13,12,11,3,0,1,4,tutorial
6790957196019241f9c4f6ad,8833-29af3de5-1c4f-431a-bad5-b6a3e01b60ce,enjoyable,3,24072,73272.90000000002,92937,"['  #####', '  #.  #', '###   #', '# $*$ #', '#   ###', '#@ .#', '#####']",7,7,"[{'x': 2, 'y': 3, 'state': '$'}, {'x': 3, 'y': 3, 'state': '*'}, {'x': 4, 'y': 3, 'state': '$'}]",1,5,25,25,25,6,0,0,5,tutorial
6790957196019241f9c4f6b5,6593-5fa64e12-37f9-4539-b0fe-f9706e498696,difficult,1,16082,98224.39999997616,110331,"['######', '#  $.#', '#@ $.#', '#    #', '######']",6,5,"[{'x': 3, 'y': 2, 'state': '$'}, {'x': 3, 'y': 1, 'state': '$'}]",1,2,6,6,5,2,0,0,3,tutorial
6790957196019241f9c4f6b5,6593-5fa64e12-37f9-4539-b0fe-f9706e498696,difficult,2,29483,114610.19999998808,140115,"['######', '#    #', '#*$ @#', '#. ###', '######']",6,5,"[{'x': 1, 'y': 2, 'state': '*'}, {'x': 2, 'y': 2, 'state': '$'}]",4,2,18,16,12,3,0,2,4,tutorial
6790957196019241f9c4f6b5,6593-5fa64e12-37f9-4539-b0fe-f9706e498696,difficult,3,34115,144394.89999997616,174534,"['  #####', '  #.  #', '###   #', '# $*$ #', '#   ###', '#@ .#', '#####']",7,7,"[{'x': 2, 'y': 3, 'state': '$'}, {'x': 3, 'y': 3, 'state': '*'}, {'x': 4, 'y': 3, 'state': '$'}]",1,5,23,22,22,7,0,1,5,tutorial
6790957196019241f9c4f6bb,8016-518182ec-dbe4-43bf-ade8-32eff7824c8e,difficult,1,32076,36993.0,67156,"['######', '#  $.#', '#@ $.#', '#    #', '######']",6,5,"[{'x': 3, 'y': 2, 'state': '$'}, {'x': 3, 'y': 1, 'state': '$'}]",1,2,9,9,9,2,0,0,3,tutorial
6790957196019241f9c4f6bb,8016-518182ec-dbe4-43bf-ade8-32eff7824c8e,difficult,2,38491,69379.0,105956,"['######', '#    #', '#*$ @#', '#. ###', '######']",6,5,"[{'x': 1, 'y': 2, 'state': '*'}, {'x': 2, 'y': 2, 'state': '$'}]",4,2,13,13,12,4,0,0,4,tutorial
6790957196019241f9c4f6c2,0197-9fdeb29b-4192-4575-b791-5130f9507781,difficult,1,11257,70375.80000001192,79645,"['######', '#  $.#', '#@ $.#', '#    #', '######']",6,5,"[{'x': 3, 'y': 2, 'state': '$'}, {'x': 3, 'y': 1, 'state': '$'}]",1,2,8,8,8,2,0,0,3,tutorial
6790957296019241f9c4f6da,4897-5a26c60e-5648-445e-ae21-d65f66e49ddb,enjoyable,1,8281,41334.5,48704,"['######', '#  $.#', '#@ $.#', '#    #', '######']",6,5,"[{'x': 3, 'y': 2, 'state': '$'}, {'x': 3, 'y': 1, 'state': '$'}]",1,2,8,8,8,2,0,0,3,tutorial
6790957196019241f9c4f6c2,0197-9fdeb29b-4192-4575-b791-5130f9507781,difficult,2,20716,81937.0,100663,"['######', '#    #', '#*$ @#', '#. ###', '######']",6,5,"[{'x': 1, 'y': 2, 'state': '*'}, {'x': 2, 'y': 2, 'state': '$'}]",4,2,10,10,10,2,0,0,4,tutorial
6790957296019241f9c4f6e0,1656-913b0968-c28e-4a2e-8737-14b1490ed06a,difficult,1,10416,44124.0,52742,"['######', '#  $.#', '#@ $.#', '#    #', '######']",6,5,"[{'x': 3, 'y': 2, 'state': '$'}, {'x': 3, 'y': 1, 'state': '$'}]",1,2,6,6,5,2,0,0,3,tutorial
6790957196019241f9c4f6cc,1474-87e7e68f-60a7-4c31-85fa-412d35d0eb14,enjoyable,1,12481,62485.0,73795,"['######', '#  $.#', '#@ $.#', '#    #', '######']",6,5,"[{'x': 3, 'y': 2, 'state': '$'}, {'x': 3, 'y': 1, 'state': '$'}]",1,2,7,7,7,2,0,0,3,tutorial
6790957296019241f9c4f6da,4897-5a26c60e-5648-445e-ae21-d65f66e49ddb,enjoyable,2,13992,49918.90000009537,62998,"['######', '#    #', '#*$ @#', '#. ###', '######']",6,5,"[{'x': 1, 'y': 2, 'state': '*'}, {'x': 2, 'y': 2, 'state': '$'}]",4,2,10,10,10,2,0,0,4,tutorial
6790957296019241f9c4f6d9,9356-4aeb3a04-d09e-490a-a48e-4c7cfabc1b9f,enjoyable,1,7381,72458.79999999702,77506,"['######', '#  $.#', '#@ $.#', '#    #', '######']",6,5,"[{'x': 3, 'y': 2, 'state': '$'}, {'x': 3, 'y': 1, 'state': '$'}]",1,2,5,5,5,2,0,0,3,tutorial
6790957196019241f9c4f6cc,1474-87e7e68f-60a7-4c31-85fa-412d35d0eb14,enjoyable,2,25759,75273.30000001192,99859,"['######', '#    #', '#*$ @#', '#. ###', '######']",6,5,"[{'x': 1, 'y': 2, 'state': '*'}, {'x': 2, 'y': 2, 'state': '$'}]",4,2,20,19,16,3,1,0,4,tutorial
6790957296019241f9c4f6e0,1656-913b0968-c28e-4a2e-8737-14b1490ed06a,difficult,2,27776,54848.0,80822,"['######', '#    #', '#*$ @#', '#. ###', '######']",6,5,"[{'x': 1, 'y': 2, 'state': '*'}, {'x': 2, 'y': 2, 'state': '$'}]",4,2,27,26,23,4,1,0,4,tutorial
6790957196019241f9c4f6c2,0197-9fdeb29b-4192-4575-b791-5130f9507781,difficult,3,44076,102955.30000001192,145042,"['  #####', '  #.  #', '###   #', '# $*$ #', '#   ###', '#@ .#', '#####']",7,7,"[{'x': 2, 'y': 3, 'state': '$'}, {'x': 3, 'y': 3, 'state': '*'}, {'x': 4, 'y': 3, 'state': '$'}]",1,5,46,36,31,9,0,10,5,tutorial
6790957296019241f9c4f6d9,9356-4aeb3a04-d09e-490a-a48e-4c7cfabc1b9f,enjoyable,2,16392,80143.29999999702,94205,"['######', '#    #', '#*$ @#', '#. ###', '######']",6,5,"[{'x': 1, 'y': 2, 'state': '*'}, {'x': 2, 'y': 2, 'state': '$'}]",4,2,19,18,17,4,1,0,4,tutorial
6790957396019241f9c4f726,1538-8bc3347e-a05b-4830-8f2f-b972b8394798,enjoyable,1,8822,51330.5,59026,"['######', '#  $.#', '#@ $.#', '#    #', '######']",6,5,"[{'x': 3, 'y': 2, 'state': '$'}, {'x': 3, 'y': 1, 'state': '$'}]",1,2,6,6,6,2,0,0,3,tutorial
6790957196019241f9c4f6cc,1474-87e7e68f-60a7-4c31-85fa-412d35d0eb14,enjoyable,3,20329,101338.20000001788,120494,"['  #####', '  #.  #', '###   #', '# $*$ #', '#   ###', '#@ .#', '#####']",7,7,"[{'x': 2, 'y': 3, 'state': '$'}, {'x': 3, 'y': 3, 'state': '*'}, {'x': 4, 'y': 3, 'state': '$'}]",1,5,20,20,19,6,0,0,5,tutorial
6790957396019241f9c4f70c,0882-3edd63fb-3f20-4235-8178-6c872a41f1ea,difficult,1,14069,88019.70000000298,89715,"['######', '#  $.#', '#@ $.#', '#    #', '######']",6,5,"[{'x': 3, 'y': 2, 'state': '$'}, {'x': 3, 'y': 1, 'state': '$'}]",1,2,5,5,5,2,0,0,3,tutorial
6790957296019241f9c4f6e2,6887-305e3de9-5a3d-440b-b1f4-895484a5471a,difficult,1,7636,96061.09999990463,102867,"['######', '#  $.#', '#@ $.#', '#    #', '######']",6,5,"[{'x': 3, 'y': 2, 'state': '$'}, {'x': 3, 'y': 1, 'state': '$'}]",1,2,6,6,6,2,0,0,3,tutorial
6790957196019241f9c4f6d4,5660-48f2c232-3d36-40fe-97a4-a4ae1c35d022,enjoyable,1,20494,89419.40000003576,108106,"['######', '#  $.#', '#@ $.#', '#    #', '######']",6,5,"[{'x': 3, 'y': 2, 'state': '$'}, {'x': 3, 'y': 1, 'state': '$'}]",1,2,8,8,8,2,0,0,3,tutorial
6790957296019241f9c4f6d7,0344-4f03bfaf-e409-4afe-88af-af09b39d978b,enjoyable,1,26657,80498.5,105692,"['######', '#  $.#', '#@ $.#', '#    #', '######']",6,5,"[{'x': 3, 'y': 2, 'state': '$'}, {'x': 3, 'y': 1, 'state': '$'}]",1,2,7,7,7,2,0,0,3,tutorial
6790957296019241f9c4f6d9,9356-4aeb3a04-d09e-490a-a48e-4c7cfabc1b9f,enjoyable,3,12981,96842.79999999702,107489,"['  #####', '  #.  #', '###   #', '# $*$ #', '#   ###', '#@ .#', '#####']",7,7,"[{'x': 2, 'y': 3, 'state': '$'}, {'x': 3, 'y': 3, 'state': '*'}, {'x': 4, 'y': 3, 'state': '$'}]",1,5,23,23,21,6,0,0,5,tutorial
6790957196019241f9c4f6c7,5679-2eb66594-d556-4255-b4eb-16841c4b4f8c,enjoyable,1,19377,124864.09999996424,142426,"['######', '#  $.#', '#@ $.#', '#    #', '######']",6,5,"[{'x': 3, 'y': 2, 'state': '$'}, {'x': 3, 'y': 1, 'state': '$'}]",1,2,6,6,6,2,0,0,3,tutorial
6790957296019241f9c4f6df,6469-a0cb9ceb-0ad2-490e-9b7f-0d93c5bee7e7,difficult,1,22427,88222.29999995232,108939,"['######', '#  $.#', '#@ $.#', '#    #', '######']",6,5,"[{'x': 3, 'y': 2, 'state': '$'}, {'x': 3, 'y': 1, 'state': '$'}]",1,2,5,5,5,2,0,0,3,tutorial
6790957296019241f9c4f6f8,1741-ac288f05-0ac3-4e31-af82-4c7997828700,enjoyable,1,25353,85237.0,109075,"['######', '#  $.#', '#@ $.#', '#    #', '######']",6,5,"[{'x': 3, 'y': 2, 'state': '$'}, {'x': 3, 'y': 1, 'state': '$'}]",1,2,6,6,6,2,0,0,3,tutorial
6790957196019241f9c4f6d4,5660-48f2c232-3d36-40fe-97a4-a4ae1c35d022,enjoyable,2,8466,110223.5,116875,"['######', '#    #', '#*$ @#', '#. ###', '######']",6,5,"[{'x': 1, 'y': 2, 'state': '*'}, {'x': 2, 'y': 2, 'state': '$'}]",4,2,14,14,12,4,0,0,4,tutorial
6790957296019241f9c4f6e2,6887-305e3de9-5a3d-440b-b1f4-895484a5471a,difficult,2,10041,104008.59999990463,113218,"['######', '#    #', '#*$ @#', '#. ###', '######']",6,5,"[{'x': 1, 'y': 2, 'state': '*'}, {'x': 2, 'y': 2, 'state': '$'}]",4,2,10,10,10,2,0,0,4,tutorial
6790957396019241f9c4f70c,0882-3edd63fb-3f20-4235-8178-6c872a41f1ea,difficult,2,18969,102394.89999999851,108995,"['######', '#    #', '#*$ @#', '#. ###', '######']",6,5,"[{'x': 1, 'y': 2, 'state': '*'}, {'x': 2, 'y': 2, 'state': '$'}]",4,2,14,14,14,2,0,0,4,tutorial
6790957296019241f9c4f6df,6469-a0cb9ceb-0ad2-490e-9b7f-0d93c5bee7e7,difficult,2,14093,110963.79999995232,123350,"['######', '#    #', '#*$ @#', '#. ###', '######']",6,5,"[{'x': 1, 'y': 2, 'state': '*'}, {'x': 2, 'y': 2, 'state': '$'}]",4,2,10,10,10,2,0,0,4,tutorial
6790957296019241f9c4f6fa,9136-8cbc5040-9625-44e0-b69b-2ef036f4f20f,enjoyable,1,12012,109632.0,119745,"['######', '#  $.#', '#@ $.#', '#    #', '######']",6,5,"[{'x': 3, 'y': 2, 'state': '$'}, {'x': 3, 'y': 1, 'state': '$'}]",1,2,6,6,6,2,0,0,3,tutorial
6790957196019241f9c4f6d4,5660-48f2c232-3d36-40fe-97a4-a4ae1c35d022,enjoyable,3,11547,118993.19999998808,128734,"['  #####', '  #.  #', '###   #', '# $*$ #', '#   ###', '#@ .#', '#####']",7,7,"[{'x': 2, 'y': 3, 'state': '$'}, {'x': 3, 'y': 3, 'state': '*'}, {'x': 4, 'y': 3, 'state': '$'}]",1,5,21,21,19,6,0,0,5,tutorial
6790957396019241f9c4f704,3583-0c1eebd6-7644-4428-8c73-46af11f857b1,difficult,1,11159,107646.79999995232,117159,"['######', '#  $.#', '#@ $.#', '#    #', '######']",6,5,"[{'x': 3, 'y': 2, 'state': '$'}, {'x': 3, 'y': 1, 'state': '$'}]",1,2,6,6,6,2,0,0,3,tutorial
6790957296019241f9c4f6f8,1741-ac288f05-0ac3-4e31-af82-4c7997828700,enjoyable,2,18515,110928.0,127927,"['######', '#    #', '#*$ @#', '#. ###', '######']",6,5,"[{'x': 1, 'y': 2, 'state': '*'}, {'x': 2, 'y': 2, 'state': '$'}]",4,2,10,10,10,2,0,0,4,tutorial
6790957196019241f9c4f6c4,7788-77f59dbf-40bb-4e82-950f-edded9543d4d,difficult,1,60841,117262.80000000075,176209,"['######', '#  $.#', '#@ $.#', '#    #', '######']",6,5,"[{'x': 3, 'y': 2, 'state': '$'}, {'x': 3, 'y': 1, 'state': '$'}]",1,2,16,15,14,5,1,0,3,tutorial
6790957196019241f9c4f6cf,3479-e1ebba87-cd94-4abc-beb9-41a7eeb22874,enjoyable,1,18603,133234.60000002384,148813,"['######', '#  $.#', '#@ $.#', '#    #', '######']",6,5,"[{'x': 3, 'y': 2, 'state': '$'}, {'x': 3, 'y': 1, 'state': '$'}]",1,2,6,6,6,2,0,0,3,tutorial
6790957296019241f9c4f6fa,9136-8cbc5040-9625-44e0-b69b-2ef036f4f20f,enjoyable,2,10137,121946.30000001192,130186,"['######', '#    #', '#*$ @#', '#. ###', '######']",6,5,"[{'x': 1, 'y': 2, 'state': '*'}, {'x': 2, 'y': 2, 'state': '$'}]",4,2,11,11,10,2,0,0,4,tutorial
6790957296019241f9c4f6d7,0344-4f03bfaf-e409-4afe-88af-af09b39d978b,enjoyable,2,30299,107461.0,136297,"['######', '#    #', '#*$ @#', '#. ###', '######']",6,5,"[{'x': 1, 'y': 2, 'state': '*'}, {'x': 2, 'y': 2, 'state': '$'}]",4,2,24,23,20,4,1,0,4,tutorial
6790957396019241f9c4f726,1538-8bc3347e-a05b-4830-8f2f-b972b8394798,enjoyable,2,42397,60465.09999999404,101738,"['######', '#    #', '#*$ @#', '#. ###', '######']",6,5,"[{'x': 1, 'y': 2, 'state': '*'}, {'x': 2, 'y': 2, 'state': '$'}]",4,2,23,22,20,3,1,0,4,tutorial
6790957296019241f9c4f6e2,6887-305e3de9-5a3d-440b-b1f4-895484a5471a,difficult,3,24272,114358.69999980927,137794,"['  #####', '  #.  #', '###   #', '# $*$ #', '#   ###', '#@ .#', '#####']",7,7,"[{'x': 2, 'y': 3, 'state': '$'}, {'x': 3, 'y': 3, 'state': '*'}, {'x': 4, 'y': 3, 'state': '$'}]",1,5,20,20,19,6,0,0,5,tutorial
6790957396019241f9c4f71a,7657-b3cbe756-aa02-445e-9eb9-8c90a19dae77,enjoyable,1,21759,105560.20000004768,125310,"['######', '#  $.#', '#@ $.#', '#    #', '######']",6,5,"[{'x': 3, 'y': 2, 'state': '$'}, {'x': 3, 'y': 1, 'state': '$'}]",1,2,5,5,5,2,0,0,3,tutorial
6790957396019241f9c4f704,3583-0c1eebd6-7644-4428-8c73-46af11f857b1,difficult,2,13228,119110.19999992847,130695,"['######', '#    #', '#*$ @#', '#. ###', '######']",6,5,"[{'x': 1, 'y': 2, 'state': '*'}, {'x': 2, 'y': 2, 'state': '$'}]",4,2,10,10,10,2,0,0,4,tutorial
6790957296019241f9c4f6df,6469-a0cb9ceb-0ad2-490e-9b7f-0d93c5bee7e7,difficult,3,23258,125375.19999992847,146918,"['  #####', '  #.  #', '###   #', '# $*$ #', '#   ###', '#@ .#', '#####']",7,7,"[{'x': 2, 'y': 3, 'state': '$'}, {'x': 3, 'y': 3, 'state': '*'}, {'x': 4, 'y': 3, 'state': '$'}]",1,5,17,17,17,6,0,0,5,tutorial
6790957196019241f9c4f6c7,5679-2eb66594-d556-4255-b4eb-16841c4b4f8c,enjoyable,2,39484,144553.29999995232,182218,"['######', '#    #', '#*$ @#', '#. ###', '######']",6,5,"[{'x': 1, 'y': 2, 'state': '*'}, {'x': 2, 'y': 2, 'state': '$'}]",4,2,22,21,20,4,1,0,4,tutorial
6790957396019241f9c4f70c,0882-3edd63fb-3f20-4235-8178-6c872a41f1ea,difficult,3,25599,121678.0,134910,"['  #####', '  #.  #', '###   #', '# $*$ #', '#   ###', '#@ .#', '#####']",7,7,"[{'x': 2, 'y': 3, 'state': '$'}, {'x': 3, 'y': 3, 'state': '*'}, {'x': 4, 'y': 3, 'state': '$'}]",1,5,17,17,17,6,0,0,5,tutorial
6790957296019241f9c4f6fa,9136-8cbc5040-9625-44e0-b69b-2ef036f4f20f,enjoyable,3,15635,132387.70000001788,146127,"['  #####', '  #.  #', '###   #', '# $*$ #', '#   ###', '#@ .#', '#####']",7,7,"[{'x': 2, 'y': 3, 'state': '$'}, {'x': 3, 'y': 3, 'state': '*'}, {'x': 4, 'y': 3, 'state': '$'}]",1,5,17,17,17,6,0,0,5,tutorial
6790957296019241f9c4f6f8,1741-ac288f05-0ac3-4e31-af82-4c7997828700,enjoyable,3,25121,129758.00000000001,153365,"['  #####', '  #.  #', '###   #', '# $*$ #', '#   ###', '#@ .#', '#####']",7,7,"[{'x': 2, 'y': 3, 'state': '$'}, {'x': 3, 'y': 3, 'state': '*'}, {'x': 4, 'y': 3, 'state': '$'}]",1,5,17,17,17,6,0,0,5,tutorial
6790957296019241f9c4f6d7,0344-4f03bfaf-e409-4afe-88af-af09b39d978b,enjoyable,3,21865,138065.2999999998,158475,"['  #####', '  #.  #', '###   #', '# $*$ #', '#   ###', '#@ .#', '#####']",7,7,"[{'x': 2, 'y': 3, 'state': '$'}, {'x': 3, 'y': 3, 'state': '*'}, {'x': 4, 'y': 3, 'state': '$'}]",1,5,21,21,21,6,0,0,5,tutorial
6790957396019241f9c4f726,1538-8bc3347e-a05b-4830-8f2f-b972b8394798,enjoyable,3,20562,103178.79999998212,122608,"['  #####', '  #.  #', '###   #', '# $*$ #', '#   ###', '#@ .#', '#####']",7,7,"[{'x': 2, 'y': 3, 'state': '$'}, {'x': 3, 'y': 3, 'state': '*'}, {'x': 4, 'y': 3, 'state': '$'}]",1,5,17,17,17,6,0,0,5,tutorial
6790957196019241f9c4f6cf,3479-e1ebba87-cd94-4abc-beb9-41a7eeb22874,enjoyable,2,30713,152147.20000004768,179829,"['######', '#    #', '#*$ @#', '#. ###', '######']",6,5,"[{'x': 1, 'y': 2, 'state': '*'}, {'x': 2, 'y': 2, 'state': '$'}]",4,2,19,18,17,4,1,0,4,tutorial
6790957396019241f9c4f704,3583-0c1eebd6-7644-4428-8c73-46af11f857b1,difficult,3,22816,132644.5,153814,"['  #####', '  #.  #', '###   #', '# $*$ #', '#   ###', '#@ .#', '#####']",7,7,"[{'x': 2, 'y': 3, 'state': '$'}, {'x': 3, 'y': 3, 'state': '*'}, {'x': 4, 'y': 3, 'state': '$'}]",1,5,18,18,17,6,0,0,5,tutorial
6790957296019241f9c4f6da,4897-5a26c60e-5648-445e-ae21-d65f66e49ddb,enjoyable,3,103301,64213.300000190735,166604,"['  #####', '  #.  #', '###   #', '# $*$ #', '#   ###', '#@ .#', '#####']",7,7,"[{'x': 2, 'y': 3, 'state': '$'}, {'x': 3, 'y': 3, 'state': '*'}, {'x': 4, 'y': 3, 'state': '$'}]",1,5,22,22,19,6,0,0,5,tutorial
6790957296019241f9c4f6e0,1656-913b0968-c28e-4a2e-8737-14b1490ed06a,difficult,3,96838,82929.0,177963,"['  #####', '  #.  #', '###   #', '# $*$ #', '#   ###', '#@ .#', '#####']",7,7,"[{'x': 2, 'y': 3, 'state': '$'}, {'x': 3, 'y': 3, 'state': '*'}, {'x': 4, 'y': 3, 'state': '$'}]",1,5,72,65,53,12,2,5,5,tutorial
6790957396019241f9c4f723,6374-50e46c60-f1e3-40c4-ac6c-52e6400f157a,enjoyable,1,7474,142095.0,148444,"['######', '#  $.#', '#@ $.#', '#    #', '######']",6,5,"[{'x': 3, 'y': 2, 'state': '$'}, {'x': 3, 'y': 1, 'state': '$'}]",1,2,5,5,5,2,0,0,3,tutorial
6790957196019241f9c4f6cf,3479-e1ebba87-cd94-4abc-beb9-41a7eeb22874,enjoyable,3,19620,183164.20000004768,199754,"['  #####', '  #.  #', '###   #', '# $*$ #', '#   ###', '#@ .#', '#####']",7,7,"[{'x': 2, 'y': 3, 'state': '$'}, {'x': 3, 'y': 3, 'state': '*'}, {'x': 4, 'y': 3, 'state': '$'}]",1,5,19,19,19,6,0,0,5,tutorial
6790957396019241f9c4f723,6374-50e46c60-f1e3-40c4-ac6c-52e6400f157a,enjoyable,2,15211,149873.5,163967,"['######', '#    #', '#*$ @#', '#. ###', '######']",6,5,"[{'x': 1, 'y': 2, 'state': '*'}, {'x': 2, 'y': 2, 'state': '$'}]",4,2,21,20,19,4,1,0,4,tutorial
6790957196019241f9c4f6d3,0422-3d2e26b2-9a76-4eb3-8c1c-c14c1becf1fd,enjoyable,1,20472,186517.19999998808,200717,"['######', '#  $.#', '#@ $.#', '#    #', '######']",6,5,"[{'x': 3, 'y': 2, 'state': '$'}, {'x': 3, 'y': 1, 'state': '$'}]",1,2,5,5,5,2,0,0,3,tutorial
6790957196019241f9c4f6c4,7788-77f59dbf-40bb-4e82-950f-edded9543d4d,difficult,2,77206,178447.8999999985,253740,"['######', '#    #', '#*$ @#', '#. ###', '######']",6,5,"[{'x': 1, 'y': 2, 'state': '*'}, {'x': 2, 'y': 2, 'state': '$'}]",4,2,26,25,20,3,1,0,4,tutorial
6790957196019241f9c4f6c7,5679-2eb66594-d556-4255-b4eb-16841c4b4f8c,enjoyable,3,62556,184346.29999995232,245083,"['  #####', '  #.  #', '###   #', '# $*$ #', '#   ###', '#@ .#', '#####']",7,7,"[{'x': 2, 'y': 3, 'state': '$'}, {'x': 3, 'y': 3, 'state': '*'}, {'x': 4, 'y': 3, 'state': '$'}]",1,5,55,54,46,14,1,0,5,tutorial
6790957396019241f9c4f723,6374-50e46c60-f1e3-40c4-ac6c-52e6400f157a,enjoyable,3,16163,165396.29999999702,180432,"['  #####', '  #.  #', '###   #', '# $*$ #', '#   ###', '#@ .#', '#####']",7,7,"[{'x': 2, 'y': 3, 'state': '$'}, {'x': 3, 'y': 3, 'state': '*'}, {'x': 4, 'y': 3, 'state': '$'}]",1,5,17,17,17,6,0,0,5,tutorial
6790957196019241f9c4f6d3,0422-3d2e26b2-9a76-4eb3-8c1c-c14c1becf1fd,enjoyable,2,23420,207294.59999999404,224441,"['######', '#    #', '#*$ @#', '#. ###', '######']",6,5,"[{'x': 1, 'y': 2, 'state': '*'}, {'x': 2, 'y': 2, 'state': '$'}]",4,2,10,10,10,2,0,0,4,tutorial
6790957396019241f9c4f71a,7657-b3cbe756-aa02-445e-9eb9-8c90a19dae77,enjoyable,2,80311,127638.10000002384,205940,"['######', '#    #', '#*$ @#', '#. ###', '######']",6,5,"[{'x': 1, 'y': 2, 'state': '*'}, {'x': 2, 'y': 2, 'state': '$'}]",4,2,13,13,12,2,0,0,4,tutorial
6790957196019241f9c4f6cb,0464-aae0a733-1ac6-4a9c-b3a3-e00c87067124,enjoyable,1,45109,209526.19999999925,245476,"['######', '#  $.#', '#@ $.#', '#    #', '######']",6,5,"[{'x': 3, 'y': 2, 'state': '$'}, {'x': 3, 'y': 1, 'state': '$'}]",1,2,5,5,5,2,0,0,3,tutorial
6790957396019241f9c4f702,2295-86d91154-0064-4d6b-b4a4-c6cb00d581b4,enjoyable,1,23485,200695.40000003576,217161,"['######', '#  $.#', '#@ $.#', '#    #', '######']",6,5,"[{'x': 3, 'y': 2, 'state': '$'}, {'x': 3, 'y': 1, 'state': '$'}]",1,2,7,7,7,2,0,0,3,tutorial
6790957296019241f9c4f6eb,6987-19a94b0d-8b10-4fd0-80fe-bdb2e5519ac9,difficult,1,20054,213526.40000000596,232626,"['######', '#  $.#', '#@ $.#', '#    #', '######']",6,5,"[{'x': 3, 'y': 2, 'state': '$'}, {'x': 3, 'y': 1, 'state': '$'}]",1,2,5,5,5,2,0,0,3,tutorial
6790957196019241f9c4f6d1,5355-8dbd22b4-3091-4ec7-8d01-efb47d06ce96,enjoyable,1,18126,262276.8000000119,252409,"['######', '#  $.#', '#@ $.#', '#    #', '######']",6,5,"[{'x': 3, 'y': 2, 'state': '$'}, {'x': 3, 'y': 1, 'state': '$'}]",1,2,6,6,6,2,0,0,3,tutorial
6790957496019241f9c4f72e,1285-db1f8373-871e-4b81-9f93-d729dfad7d7c,difficult,1,10872,93276.09999990463,101914,"['######', '#  $.#', '#@ $.#', '#    #', '######']",6,5,"[{'x': 3, 'y': 2, 'state': '$'}, {'x': 3, 'y': 1, 'state': '$'}]",1,2,6,6,6,2,0,0,3,tutorial
6790957396019241f9c4f702,2295-86d91154-0064-4d6b-b4a4-c6cb00d581b4,enjoyable,2,28640,224485.80000001192,246109,"['######', '#    #', '#*$ @#', '#. ###', '######']",6,5,"[{'x': 1, 'y': 2, 'state': '*'}, {'x': 2, 'y': 2, 'state': '$'}]",4,2,10,10,10,2,0,0,4,tutorial
6790957196019241f9c4f6d3,0422-3d2e26b2-9a76-4eb3-8c1c-c14c1becf1fd,enjoyable,3,36559,231018.59999999404,261303,"['  #####', '  #.  #', '###   #', '# $*$ #', '#   ###', '#@ .#', '#####']",7,7,"[{'x': 2, 'y': 3, 'state': '$'}, {'x': 3, 'y': 3, 'state': '*'}, {'x': 4, 'y': 3, 'state': '$'}]",1,5,17,17,17,6,0,0,5,tutorial
6790957396019241f9c4f71a,7657-b3cbe756-aa02-445e-9eb9-8c90a19dae77,enjoyable,3,37064,208268.80000007153,243320,"['  #####', '  #.  #', '###   #', '# $*$ #', '#   ###', '#@ .#', '#####']",7,7,"[{'x': 2, 'y': 3, 'state': '$'}, {'x': 3, 'y': 3, 'state': '*'}, {'x': 4, 'y': 3, 'state': '$'}]",1,5,19,19,17,6,0,0,5,tutorial
6790957196019241f9c4f6cb,0464-aae0a733-1ac6-4a9c-b3a3-e00c87067124,enjoyable,2,36536,254951.69999999925,282325,"['######', '#    #', '#*$ @#', '#. ###', '######']",6,5,"[{'x': 1, 'y': 2, 'state': '*'}, {'x': 2, 'y': 2, 'state': '$'}]",4,2,17,16,16,3,1,0,4,tutorial
6790957296019241f9c4f6f7,8273-1e724496-a510-4044-8b65-2c0c58f341e6,enjoyable,1,12631,252761.0,262884,"['######', '#  $.#', '#@ $.#', '#    #', '######']",6,5,"[{'x': 3, 'y': 2, 'state': '$'}, {'x': 3, 'y': 1, 'state': '$'}]",1,2,5,5,5,2,0,0,3,tutorial
6790957496019241f9c4f72e,1285-db1f8373-871e-4b81-9f93-d729dfad7d7c,difficult,2,19584,104458.59999990463,121801,"['######', '#    #', '#*$ @#', '#. ###', '######']",6,5,"[{'x': 1, 'y': 2, 'state': '*'}, {'x': 2, 'y': 2, 'state': '$'}]",4,2,19,18,17,4,1,0,4,tutorial
6790957196019241f9c4f6d1,5355-8dbd22b4-3091-4ec7-8d01-efb47d06ce96,enjoyable,2,28649,280726.1999999881,281380,"['######', '#    #', '#*$ @#', '#. ###', '######']",6,5,"[{'x': 1, 'y': 2, 'state': '*'}, {'x': 2, 'y': 2, 'state': '$'}]",4,2,17,17,14,2,0,0,4,tutorial
6790957396019241f9c4f702,2295-86d91154-0064-4d6b-b4a4-c6cb00d581b4,enjoyable,3,28698,253434.10000002384,275111,"['  #####', '  #.  #', '###   #', '# $*$ #', '#   ###', '#@ .#', '#####']",7,7,"[{'x': 2, 'y': 3, 'state': '$'}, {'x': 3, 'y': 3, 'state': '*'}, {'x': 4, 'y': 3, 'state': '$'}]",1,5,19,19,19,6,0,0,5,tutorial
6790957296019241f9c4f6eb,6987-19a94b0d-8b10-4fd0-80fe-bdb2e5519ac9,difficult,2,49934,233887.09999999404,282865,"['######', '#    #', '#*$ @#', '#. ###', '######']",6,5,"[{'x': 1, 'y': 2, 'state': '*'}, {'x': 2, 'y': 2, 'state': '$'}]",4,2,22,19,16,3,1,2,4,tutorial
6790957496019241f9c4f72e,1285-db1f8373-871e-4b81-9f93-d729dfad7d7c,difficult,3,19053,124349.19999992847,141168,"['  #####', '  #.  #', '###   #', '# $*$ #', '#   ###', '#@ .#', '#####']",7,7,"[{'x': 2, 'y': 3, 'state': '$'}, {'x': 3, 'y': 3, 'state': '*'}, {'x': 4, 'y': 3, 'state': '$'}]",1,5,17,17,17,6,0,0,5,tutorial
6790957296019241f9c4f6f7,8273-1e724496-a510-4044-8b65-2c0c58f341e6,enjoyable,2,23871,265702.1000000015,287061,"['######', '#    #', '#*$ @#', '#. ###', '######']",6,5,"[{'x': 1, 'y': 2, 'state': '*'}, {'x': 2, 'y': 2, 'state': '$'}]",4,2,14,13,11,3,0,1,4,tutorial
6790957196019241f9c4f6c4,7788-77f59dbf-40bb-4e82-950f-edded9543d4d,difficult,3,88948,255959.19999999925,343004,"['  #####', '  #.  #', '###   #', '# $*$ #', '#   ###', '#@ .#', '#####']",7,7,"[{'x': 2, 'y': 3, 'state': '$'}, {'x': 3, 'y': 3, 'state': '*'}, {'x': 4, 'y': 3, 'state': '$'}]",1,5,28,28,21,6,0,0,5,tutorial
6790957296019241f9c4f6f9,7051-ba25d988-3c1c-42d8-8be4-626dafdc6f40,enjoyable,1,26174,276886.59999999776,301206,"['######', '#  $.#', '#@ $.#', '#    #', '######']",6,5,"[{'x': 3, 'y': 2, 'state': '$'}, {'x': 3, 'y': 1, 'state': '$'}]",1,2,5,5,5,2,0,0,3,tutorial
6790957296019241f9c4f6f7,8273-1e724496-a510-4044-8b65-2c0c58f341e6,enjoyable,3,19235,289879.5,306602,"['  #####', '  #.  #', '###   #', '# $*$ #', '#   ###', '#@ .#', '#####']",7,7,"[{'x': 2, 'y': 3, 'state': '$'}, {'x': 3, 'y': 3, 'state': '*'}, {'x': 4, 'y': 3, 'state': '$'}]",1,5,20,20,19,6,0,0,5,tutorial
6790957396019241f9c4f70e,4886-37e01c4d-7b66-4c83-9f3f-30a430ebeb25,difficult,1,16490,288335.8000000119,298671,"['######', '#  $.#', '#@ $.#', '#    #', '######']",6,5,"[{'x': 3, 'y': 2, 'state': '$'}, {'x': 3, 'y': 1, 'state': '$'}]",1,2,6,6,6,2,0,0,3,tutorial
6790957296019241f9c4f6db,5302-7bdb783f-d075-40ef-88ba-f7163000e3c3,difficult,1,36356,280783.09999996424,315018,"['######', '#  $.#', '#@ $.#', '#    #', '######']",6,5,"[{'x': 3, 'y': 2, 'state': '$'}, {'x': 3, 'y': 1, 'state': '$'}]",1,2,11,8,6,2,2,1,3,tutorial
6790957396019241f9c4f706,0539-d1ef273e-0740-4bb2-ab49-1344c18f8398,difficult,1,42841,266627.0,307187,"['######', '#  $.#', '#@ $.#', '#    #', '######']",6,5,"[{'x': 3, 'y': 2, 'state': '$'}, {'x': 3, 'y': 1, 'state': '$'}]",1,2,5,5,5,2,0,0,3,tutorial
6790957196019241f9c4f6cb,0464-aae0a733-1ac6-4a9c-b3a3-e00c87067124,enjoyable,3,63974,291800.8999999985,346615,"['  #####', '  #.  #', '###   #', '# $*$ #', '#   ###', '#@ .#', '#####']",7,7,"[{'x': 2, 'y': 3, 'state': '$'}, {'x': 3, 'y': 3, 'state': '*'}, {'x': 4, 'y': 3, 'state': '$'}]",1,5,22,22,21,6,0,0,5,tutorial
6790957196019241f9c4f6d1,5355-8dbd22b4-3091-4ec7-8d01-efb47d06ce96,enjoyable,3,55976,309696.3000000119,337677,"['  #####', '  #.  #', '###   #', '# $*$ #', '#   ###', '#@ .#', '#####']",7,7,"[{'x': 2, 'y': 3, 'state': '$'}, {'x': 3, 'y': 3, 'state': '*'}, {'x': 4, 'y': 3, 'state': '$'}]",1,5,19,19,17,6,0,0,5,tutorial
6790957396019241f9c4f70e,4886-37e01c4d-7b66-4c83-9f3f-30a430ebeb25,difficult,2,23873,305228.1999999881,322917,"['######', '#    #', '#*$ @#', '#. ###', '######']",6,5,"[{'x': 1, 'y': 2, 'state': '*'}, {'x': 2, 'y': 2, 'state': '$'}]",4,2,10,10,10,2,0,0,4,tutorial
6790957296019241f9c4f6f9,7051-ba25d988-3c1c-42d8-8be4-626dafdc6f40,enjoyable,2,39657,303372.5,341181,"['######', '#    #', '#*$ @#', '#. ###', '######']",6,5,"[{'x': 1, 'y': 2, 'state': '*'}, {'x': 2, 'y': 2, 'state': '$'}]",4,2,21,16,15,3,0,5,4,tutorial
6790957296019241f9c4f6db,5302-7bdb783f-d075-40ef-88ba-f7163000e3c3,difficult,2,37511,317460.59999996424,352844,"['######', '#    #', '#*$ @#', '#. ###', '######']",6,5,"[{'x': 1, 'y': 2, 'state': '*'}, {'x': 2, 'y': 2, 'state': '$'}]",4,2,25,24,20,3,1,0,4,tutorial
6790957496019241f9c4f730,6316-28f6e151-fbef-4457-8648-303ac6890041,difficult,1,20398,186401.40000000037,198610,"['######', '#  $.#', '#@ $.#', '#    #', '######']",6,5,"[{'x': 3, 'y': 2, 'state': '$'}, {'x': 3, 'y': 1, 'state': '$'}]",1,2,6,6,6,2,0,0,3,tutorial
6790957296019241f9c4f6eb,6987-19a94b0d-8b10-4fd0-80fe-bdb2e5519ac9,difficult,3,76108,284125.6999999881,359267,"['  #####', '  #.  #', '###   #', '# $*$ #', '#   ###', '#@ .#', '#####']",7,7,"[{'x': 2, 'y': 3, 'state': '$'}, {'x': 3, 'y': 3, 'state': '*'}, {'x': 4, 'y': 3, 'state': '$'}]",1,5,35,34,31,9,1,0,5,tutorial
6790957396019241f9c4f706,0539-d1ef273e-0740-4bb2-ab49-1344c18f8398,difficult,2,47867,309774.0,355375,"['######', '#    #', '#*$ @#', '#. ###', '######']",6,5,"[{'x': 1, 'y': 2, 'state': '*'}, {'x': 2, 'y': 2, 'state': '$'}]",4,2,25,24,20,6,1,0,4,tutorial
6790957496019241f9c4f732,2559-6a1182e8-a4d0-46f1-889c-ba19cfc41694,difficult,1,33640,134056.5,163160,"['######', '#  $.#', '#@ $.#', '#    #', '######']",6,5,"[{'x': 3, 'y': 2, 'state': '$'}, {'x': 3, 'y': 1, 'state': '$'}]",1,2,6,5,5,2,1,0,3,tutorial
6790957396019241f9c4f700,6310-a842e331-fe38-4c14-abea-ea969b8c5102,enjoyable,1,141547,242445.20000004768,382020,"['######', '#  $.#', '#@ $.#', '#    #', '######']",6,5,"[{'x': 3, 'y': 2, 'state': '$'}, {'x': 3, 'y': 1, 'state': '$'}]",1,2,19,11,9,2,5,3,3,tutorial
6790957396019241f9c4f706,0539-d1ef273e-0740-4bb2-ab49-1344c18f8398,difficult,3,26220,357961.0,381901,"['  #####', '  #.  #', '###   #', '# $*$ #', '#   ###', '#@ .#', '#####']",7,7,"[{'x': 2, 'y': 3, 'state': '$'}, {'x': 3, 'y': 3, 'state': '*'}, {'x': 4, 'y': 3, 'state': '$'}]",1,5,30,30,25,6,0,0,5,tutorial
6790957496019241f9c4f730,6316-28f6e151-fbef-4457-8648-303ac6890041,difficult,2,33053,207114.40000000037,231969,"['######', '#    #', '#*$ @#', '#. ###', '######']",6,5,"[{'x': 1, 'y': 2, 'state': '*'}, {'x': 2, 'y': 2, 'state': '$'}]",4,2,10,10,10,2,0,0,4,tutorial
6790957496019241f9c4f739,4729-f3e3b67e-3da4-4372-bbc9-f1371b718bf0,difficult,1,17765,118063.70000000298,133175,"['######', '#  $.#', '#@ $.#', '#    #', '######']",6,5,"[{'x': 3, 'y': 2, 'state': '$'}, {'x': 3, 'y': 1, 'state': '$'}]",1,2,5,5,5,2,0,0,3,tutorial
6790957496019241f9c4f730,6316-28f6e151-fbef-4457-8648-303ac6890041,difficult,3,19359,240472.10000000056,251634,"['  #####', '  #.  #', '###   #', '# $*$ #', '#   ###', '#@ .#', '#####']",7,7,"[{'x': 2, 'y': 3, 'state': '$'}, {'x': 3, 'y': 3, 'state': '*'}, {'x': 4, 'y': 3, 'state': '$'}]",1,5,18,18,17,6,0,0,5,tutorial
6790957496019241f9c4f732,2559-6a1182e8-a4d0-46f1-889c-ba19cfc41694,difficult,2,29408,168001.59999999998,192872,"['######', '#    #', '#*$ @#', '#. ###', '######']",6,5,"[{'x': 1, 'y': 2, 'state': '*'}, {'x': 2, 'y': 2, 'state': '$'}]",4,2,17,16,14,3,1,0,4,tutorial
6790957396019241f9c4f700,6310-a842e331-fe38-4c14-abea-ea969b8c5102,enjoyable,2,33790,384302.7000000477,416123,"['######', '#    #', '#*$ @#', '#. ###', '######']",6,5,"[{'x': 1, 'y': 2, 'state': '*'}, {'x': 2, 'y': 2, 'state': '$'}]",4,2,27,26,22,4,1,0,4,tutorial
6790957496019241f9c4f739,4729-f3e3b67e-3da4-4372-bbc9-f1371b718bf0,difficult,2,35162,136132.09999999404,168639,"['######', '#    #', '#*$ @#', '#. ###', '######']",6,5,"[{'x': 1, 'y': 2, 'state': '*'}, {'x': 2, 'y': 2, 'state': '$'}]",4,2,14,12,12,3,0,2,4,tutorial
6790957196019241f9c4f6ce,8475-dd21c2f8-4a8b-42ef-bf55-2d07f3471d53,enjoyable,1,50603,409504.89999997616,452041,"['######', '#  $.#', '#@ $.#', '#    #', '######']",6,5,"[{'x': 3, 'y': 2, 'state': '$'}, {'x': 3, 'y': 1, 'state': '$'}]",1,2,6,6,6,2,0,0,3,tutorial
6790957496019241f9c4f732,2559-6a1182e8-a4d0-46f1-889c-ba19cfc41694,difficult,3,26901,197715.09999999998,220079,"['  #####', '  #.  #', '###   #', '# $*$ #', '#   ###', '#@ .#', '#####']",7,7,"[{'x': 2, 'y': 3, 'state': '$'}, {'x': 3, 'y': 3, 'state': '*'}, {'x': 4, 'y': 3, 'state': '$'}]",1,5,17,17,17,6,0,0,5,tutorial
6790957496019241f9c4f729,4435-a0d3e22c-6de9-484e-8401-d278cbef6a30,enjoyable,1,28957,309710.3999999985,331433,"['######', '#  $.#', '#@ $.#', '#    #', '######']",6,5,"[{'x': 3, 'y': 2, 'state': '$'}, {'x': 3, 'y': 1, 'state': '$'}]",1,2,6,6,6,2,0,0,3,tutorial
6790957196019241f9c4f6ce,8475-dd21c2f8-4a8b-42ef-bf55-2d07f3471d53,enjoyable,2,31777,460421.5,484128,"['######', '#    #', '#*$ @#', '#. ###', '######']",6,5,"[{'x': 1, 'y': 2, 'state': '*'}, {'x': 2, 'y': 2, 'state': '$'}]",4,2,12,12,10,2,0,0,4,tutorial
6790957396019241f9c4f70e,4886-37e01c4d-7b66-4c83-9f3f-30a430ebeb25,difficult,3,133225,329417.59999996424,456456,"['  #####', '  #.  #', '###   #', '# $*$ #', '#   ###', '#@ .#', '#####']",7,7,"[{'x': 2, 'y': 3, 'state': '$'}, {'x': 3, 'y': 3, 'state': '*'}, {'x': 4, 'y': 3, 'state': '$'}]",1,5,59,56,54,16,3,0,5,tutorial
6790957396019241f9c4f700,6310-a842e331-fe38-4c14-abea-ea969b8c5102,enjoyable,3,54173,418401.39999997616,470609,"['  #####', '  #.  #', '###   #', '# $*$ #', '#   ###', '#@ .#', '#####']",7,7,"[{'x': 2, 'y': 3, 'state': '$'}, {'x': 3, 'y': 3, 'state': '*'}, {'x': 4, 'y': 3, 'state': '$'}]",1,5,44,43,42,12,1,0,5,tutorial
6790957296019241f9c4f6f9,7051-ba25d988-3c1c-42d8-8be4-626dafdc6f40,enjoyable,3,130681,343347.59999999776,472174,"['  #####', '  #.  #', '###   #', '# $*$ #', '#   ###', '#@ .#', '#####']",7,7,"[{'x': 2, 'y': 3, 'state': '$'}, {'x': 3, 'y': 3, 'state': '*'}, {'x': 4, 'y': 3, 'state': '$'}]",1,5,39,34,34,8,0,5,5,tutorial
6790957496019241f9c4f729,4435-a0d3e22c-6de9-484e-8401-d278cbef6a30,enjoyable,2,26057,338977.5,357805,"['######', '#    #', '#*$ @#', '#. ###', '######']",6,5,"[{'x': 1, 'y': 2, 'state': '*'}, {'x': 2, 'y': 2, 'state': '$'}]",4,2,10,10,10,2,0,0,4,tutorial
6790957296019241f9c4f6db,5302-7bdb783f-d075-40ef-88ba-f7163000e3c3,difficult,3,137647,355283.2999999523,490802,"['  #####', '  #.  #', '###   #', '# $*$ #', '#   ###', '#@ .#', '#####']",7,7,"[{'x': 2, 'y': 3, 'state': '$'}, {'x': 3, 'y': 3, 'state': '*'}, {'x': 4, 'y': 3, 'state': '$'}]",1,5,70,61,58,16,3,6,5,tutorial
6790957496019241f9c4f739,4729-f3e3b67e-3da4-4372-bbc9-f1371b718bf0,difficult,3,72194,171595.79999999702,241136,"['  #####', '  #.  #', '###   #', '# $*$ #', '#   ###', '#@ .#', '#####']",7,7,"[{'x': 2, 'y': 3, 'state': '$'}, {'x': 3, 'y': 3, 'state': '*'}, {'x': 4, 'y': 3, 'state': '$'}]",1,5,84,61,58,10,0,23,5,tutorial
6790957496019241f9c4f73b,9531-ccb6fcec-5b3b-4713-a98b-0857c6d36db3,difficult,1,95735,172876.10000000894,257987,"['######', '#  $.#', '#@ $.#', '#    #', '######']",6,5,"[{'x': 3, 'y': 2, 'state': '$'}, {'x': 3, 'y': 1, 'state': '$'}]",1,2,10,8,5,2,1,1,3,tutorial
6790957196019241f9c4f6ce,8475-dd21c2f8-4a8b-42ef-bf55-2d07f3471d53,enjoyable,3,85361,492509.0,569793,"['  #####', '  #.  #', '###   #', '# $*$ #', '#   ###', '#@ .#', '#####']",7,7,"[{'x': 2, 'y': 3, 'state': '$'}, {'x': 3, 'y': 3, 'state': '*'}, {'x': 4, 'y': 3, 'state': '$'}]",1,5,36,36,33,6,0,0,5,tutorial
6790957496019241f9c4f729,4435-a0d3e22c-6de9-484e-8401-d278cbef6a30,enjoyable,3,73789,365350.0,431915,"['  #####', '  #.  #', '###   #', '# $*$ #', '#   ###', '#@ .#', '#####']",7,7,"[{'x': 2, 'y': 3, 'state': '$'}, {'x': 3, 'y': 3, 'state': '*'}, {'x': 4, 'y': 3, 'state': '$'}]",1,5,25,25,25,6,0,0,5,tutorial
6790957496019241f9c4f73b,9531-ccb6fcec-5b3b-4713-a98b-0857c6d36db3,difficult,2,27403,268943.8000000119,285716,"['######', '#    #', '#*$ @#', '#. ###', '######']",6,5,"[{'x': 1, 'y': 2, 'state': '*'}, {'x': 2, 'y': 2, 'state': '$'}]",4,2,15,15,12,4,0,0,4,tutorial
6790957496019241f9c4f74d,2117-a2473f86-137a-4aa7-8234-5e43fcf63b26,enjoyable,1,27059,38713.300000190735,64206,"['######', '#  $.#', '#@ $.#', '#    #', '######']",6,5,"[{'x': 3, 'y': 2, 'state': '$'}, {'x': 3, 'y': 1, 'state': '$'}]",1,2,6,6,6,2,0,0,3,tutorial
6790957496019241f9c4f731,8565-a45990d5-10ca-4a98-b2c3-bfd4431bd618,difficult,1,266272,109325.89999997616,372616,"['######', '#  $.#', '#@ $.#', '#    #', '######']",6,5,"[{'x': 3, 'y': 2, 'state': '$'}, {'x': 3, 'y': 1, 'state': '$'}]",1,2,16,9,7,2,5,2,3,tutorial
6790957296019241f9c4f6e4,0043-c146f09f-8bb2-4ccc-9577-9363bf3422c1,difficult,1,19302,586893.9000000022,602712,"['######', '#  $.#', '#@ $.#', '#    #', '######']",6,5,"[{'x': 3, 'y': 2, 'state': '$'}, {'x': 3, 'y': 1, 'state': '$'}]",1,2,5,5,5,2,0,0,3,tutorial
6790957496019241f9c4f73b,9531-ccb6fcec-5b3b-4713-a98b-0857c6d36db3,difficult,3,38397,296674.0,324442,"['  #####', '  #.  #', '###   #', '# $*$ #', '#   ###', '#@ .#', '#####']",7,7,"[{'x': 2, 'y': 3, 'state': '$'}, {'x': 3, 'y': 3, 'state': '*'}, {'x': 4, 'y': 3, 'state': '$'}]",1,5,30,30,25,6,0,0,5,tutorial
6790957496019241f9c4f74d,2117-a2473f86-137a-4aa7-8234-5e43fcf63b26,enjoyable,2,33568,66080.20000004768,98119,"['######', '#    #', '#*$ @#', '#. ###', '######']",6,5,"[{'x': 1, 'y': 2, 'state': '*'}, {'x': 2, 'y': 2, 'state': '$'}]",4,2,12,11,11,3,0,1,4,tutorial
6790957296019241f9c4f6e4,0043-c146f09f-8bb2-4ccc-9577-9363bf3422c1,difficult,2,21870,606510.200000003,624897,"['######', '#    #', '#*$ @#', '#. ###', '######']",6,5,"[{'x': 1, 'y': 2, 'state': '*'}, {'x': 2, 'y': 2, 'state': '$'}]",4,2,10,10,10,2,0,0,4,tutorial
6790957496019241f9c4f731,8565-a45990d5-10ca-4a98-b2c3-bfd4431bd618,difficult,2,40543,375919.0,413472,"['######', '#    #', '#*$ @#', '#. ###', '######']",6,5,"[{'x': 1, 'y': 2, 'state': '*'}, {'x': 2, 'y': 2, 'state': '$'}]",4,2,23,22,19,4,1,0,4,tutorial
6790957296019241f9c4f6e4,0043-c146f09f-8bb2-4ccc-9577-9363bf3422c1,difficult,3,17757,628694.1000000015,642959,"['  #####', '  #.  #', '###   #', '# $*$ #', '#   ###', '#@ .#', '#####']",7,7,"[{'x': 2, 'y': 3, 'state': '$'}, {'x': 3, 'y': 3, 'state': '*'}, {'x': 4, 'y': 3, 'state': '$'}]",1,5,17,17,17,6,0,0,5,tutorial
6790957496019241f9c4f74d,2117-a2473f86-137a-4aa7-8234-5e43fcf63b26,enjoyable,3,46979,99998.70000004768,145405,"['  #####', '  #.  #', '###   #', '# $*$ #', '#   ###', '#@ .#', '#####']",7,7,"[{'x': 2, 'y': 3, 'state': '$'}, {'x': 3, 'y': 3, 'state': '*'}, {'x': 4, 'y': 3, 'state': '$'}]",1,5,20,20,19,6,0,0,5,tutorial
6790957496019241f9c4f74f,2580-c83801e7-1289-442f-90a1-13f7b3edc29f,enjoyable,1,20290,171715.09999990463,189727,"['######', '#  $.#', '#@ $.#', '#    #', '######']",6,5,"[{'x': 3, 'y': 2, 'state': '$'}, {'x': 3, 'y': 1, 'state': '$'}]",1,2,8,8,8,2,0,0,3,tutorial
6790957496019241f9c4f747,3924-3a2d75ff-f1ce-4198-b3a1-33e2fa91a89f,enjoyable,1,16091,262470.7000000477,272730,"['######', '#  $.#', '#@ $.#', '#    #', '######']",6,5,"[{'x': 3, 'y': 2, 'state': '$'}, {'x': 3, 'y': 1, 'state': '$'}]",1,2,5,5,5,2,0,0,3,tutorial
6790956f96019241f9c4f67e,1542-641d29f1-d346-458f-b9b0-826c11b1d2b5,enjoyable,1,22313,169824.0,181486,"['######', '#  $.#', '#@ $.#', '#    #', '######']",6,5,"[{'x': 3, 'y': 2, 'state': '$'}, {'x': 3, 'y': 1, 'state': '$'}]",1,2,5,5,5,2,0,0,3,tutorial
6790957496019241f9c4f74f,2580-c83801e7-1289-442f-90a1-13f7b3edc29f,enjoyable,2,32452,192328.40000009537,222487,"['######', '#    #', '#*$ @#', '#. ###', '######']",6,5,"[{'x': 1, 'y': 2, 'state': '*'}, {'x': 2, 'y': 2, 'state': '$'}]",4,2,25,24,19,4,1,0,4,tutorial
6790957096019241f9c4f688,5386-a1803936-00e8-4a4d-b6d9-d23e546091d8,enjoyable,1,59400,15657.199999928474,73265,"['######', '#  $.#', '#@ $.#', '#    #', '######']",6,5,"[{'x': 3, 'y': 2, 'state': '$'}, {'x': 3, 'y': 1, 'state': '$'}]",1,2,29,24,21,5,2,3,3,tutorial
6790957496019241f9c4f747,3924-3a2d75ff-f1ce-4198-b3a1-33e2fa91a89f,enjoyable,2,45380,278884.60000002384,318425,"['######', '#    #', '#*$ @#', '#. ###', '######']",6,5,"[{'x': 1, 'y': 2, 'state': '*'}, {'x': 2, 'y': 2, 'state': '$'}]",4,2,18,14,14,4,0,4,4,tutorial
6790957496019241f9c4f74f,2580-c83801e7-1289-442f-90a1-13f7b3edc29f,enjoyable,3,19931,225089.5,242729,"['  #####', '  #.  #', '###   #', '# $*$ #', '#   ###', '#@ .#', '#####']",7,7,"[{'x': 2, 'y': 3, 'state': '$'}, {'x': 3, 'y': 3, 'state': '*'}, {'x': 4, 'y': 3, 'state': '$'}]",1,5,23,23,17,6,0,0,5,tutorial
6790957496019241f9c4f747,3924-3a2d75ff-f1ce-4198-b3a1-33e2fa91a89f,enjoyable,3,79869,324579.39999997616,398609,"['  #####', '  #.  #', '###   #', '# $*$ #', '#   ###', '#@ .#', '#####']",7,7,"[{'x': 2, 'y': 3, 'state': '$'}, {'x': 3, 'y': 3, 'state': '*'}, {'x': 4, 'y': 3, 'state': '$'}]",1,5,56,43,40,10,0,13,5,tutorial
6790957096019241f9c4f68e,9498-75c3260c-281a-4395-b4ba-4766b2bc3e39,difficult,1,21534,57301.0,76682,"['######', '#  $.#', '#@ $.#', '#    #', '######']",6,5,"[{'x': 3, 'y': 2, 'state': '$'}, {'x': 3, 'y': 1, 'state': '$'}]",1,2,5,5,5,2,0,0,3,tutorial
6790957096019241f9c4f69b,0857-9b03cc88-34f4-42cc-9ad9-95713e2c28b2,difficult,1,23767,42717.299999952316,56173,"['######', '#  $.#', '#@ $.#', '#    #', '######']",6,5,"[{'x': 3, 'y': 2, 'state': '$'}, {'x': 3, 'y': 1, 'state': '$'}]",1,2,7,7,5,2,0,0,3,tutorial
6790956f96019241f9c4f67e,1542-641d29f1-d346-458f-b9b0-826c11b1d2b5,enjoyable,2,116789,192469.5,298589,"['######', '#    #', '#*$ @#', '#. ###', '######']",6,5,"[{'x': 1, 'y': 2, 'state': '*'}, {'x': 2, 'y': 2, 'state': '$'}]",4,2,33,29,18,3,0,4,4,tutorial
6790957096019241f9c4f68e,9498-75c3260c-281a-4395-b4ba-4766b2bc3e39,difficult,2,9304,79141.0,86296,"['######', '#    #', '#*$ @#', '#. ###', '######']",6,5,"[{'x': 1, 'y': 2, 'state': '*'}, {'x': 2, 'y': 2, 'state': '$'}]",4,2,10,10,10,2,0,0,4,tutorial
6790957096019241f9c4f68e,9498-75c3260c-281a-4395-b4ba-4766b2bc3e39,difficult,3,28570,88753.0,115170,"['  #####', '  #.  #', '###   #', '# $*$ #', '#   ###', '#@ .#', '#####']",7,7,"[{'x': 2, 'y': 3, 'state': '$'}, {'x': 3, 'y': 3, 'state': '*'}, {'x': 4, 'y': 3, 'state': '$'}]",1,5,37,36,34,11,1,0,5,tutorial
6790956f96019241f9c4f67e,1542-641d29f1-d346-458f-b9b0-826c11b1d2b5,enjoyable,3,47265,309567.80000000075,346165,"['  #####', '  #.  #', '###   #', '# $*$ #', '#   ###', '#@ .#', '#####']",7,7,"[{'x': 2, 'y': 3, 'state': '$'}, {'x': 3, 'y': 3, 'state': '*'}, {'x': 4, 'y': 3, 'state': '$'}]",1,5,22,22,21,6,0,0,5,tutorial
6790957096019241f9c4f688,5386-a1803936-00e8-4a4d-b6d9-d23e546091d8,enjoyable,2,184671,75371.39999997616,258256,"['######', '#    #', '#*$ @#', '#. ###', '######']",6,5,"[{'x': 1, 'y': 2, 'state': '*'}, {'x': 2, 'y': 2, 'state': '$'}]",4,2,69,60,50,8,5,4,4,tutorial
6790957096019241f9c4f69b,0857-9b03cc88-34f4-42cc-9ad9-95713e2c28b2,difficult,2,99132,66809.39999997616,155630,"['######', '#    #', '#*$ @#', '#. ###', '######']",6,5,"[{'x': 1, 'y': 2, 'state': '*'}, {'x': 2, 'y': 2, 'state': '$'}]",4,2,16,16,12,2,0,0,4,tutorial
6790957496019241f9c4f72c,2709-22802cd2-dc98-453f-b490-8d842488d319,difficult,1,14037,897742.2999999523,908963,"['######', '#  $.#', '#@ $.#', '#    #', '######']",6,5,"[{'x': 3, 'y': 2, 'state': '$'}, {'x': 3, 'y': 1, 'state': '$'}]",1,2,6,6,6,2,0,0,3,tutorial
6790957096019241f9c4f69b,0857-9b03cc88-34f4-42cc-9ad9-95713e2c28b2,difficult,3,107633,166283.0,263611,"['  #####', '  #.  #', '###   #', '# $*$ #', '#   ###', '#@ .#', '#####']",7,7,"[{'x': 2, 'y': 3, 'state': '$'}, {'x': 3, 'y': 3, 'state': '*'}, {'x': 4, 'y': 3, 'state': '$'}]",1,5,32,32,21,6,0,0,5,tutorial
6790957496019241f9c4f72c,2709-22802cd2-dc98-453f-b490-8d842488d319,difficult,2,29524,912086.5,938794,"['######', '#    #', '#*$ @#', '#. ###', '######']",6,5,"[{'x': 1, 'y': 2, 'state': '*'}, {'x': 2, 'y': 2, 'state': '$'}]",4,2,22,21,17,3,1,0,4,tutorial
6790957496019241f9c4f731,8565-a45990d5-10ca-4a98-b2c3-bfd4431bd618,difficult,3,515103,416773.7000000477,928895,"['  #####', '  #.  #', '###   #', '# $*$ #', '#   ###', '#@ .#', '#####']",7,7,"[{'x': 2, 'y': 3, 'state': '$'}, {'x': 3, 'y': 3, 'state': '*'}, {'x': 4, 'y': 3, 'state': '$'}]",1,5,316,267,224,44,7,42,5,tutorial
6790957496019241f9c4f72c,2709-22802cd2-dc98-453f-b490-8d842488d319,difficult,3,93244,941917.1000000238,1032342,"['  #####', '  #.  #', '###   #', '# $*$ #', '#   ###', '#@ .#', '#####']",7,7,"[{'x': 2, 'y': 3, 'state': '$'}, {'x': 3, 'y': 3, 'state': '*'}, {'x': 4, 'y': 3, 'state': '$'}]",1,5,109,106,88,16,3,0,5,tutorial
6790957196019241f9c4f6c3,6926-122c9717-00c2-48ce-8664-aa60fd4bcc45,difficult,1,10072,1352787.0,1359586,"['######', '#  $.#', '#@ $.#', '#    #', '######']",6,5,"[{'x': 3, 'y': 2, 'state': '$'}, {'x': 3, 'y': 1, 'state': '$'}]",1,2,6,6,5,2,0,0,3,tutorial
6790957196019241f9c4f6c3,6926-122c9717-00c2-48ce-8664-aa60fd4bcc45,difficult,2,8743,1363162.0,1368643,"['######', '#    #', '#*$ @#', '#. ###', '######']",6,5,"[{'x': 1, 'y': 2, 'state': '*'}, {'x': 2, 'y': 2, 'state': '$'}]",4,2,10,10,10,2,0,0,4,tutorial
6790957196019241f9c4f6c3,6926-122c9717-00c2-48ce-8664-aa60fd4bcc45,difficult,3,20365,1372219.0,1389324,"['  #####', '  #.  #', '###   #', '# $*$ #', '#   ###', '#@ .#', '#####']",7,7,"[{'x': 2, 'y': 3, 'state': '$'}, {'x': 3, 'y': 3, 'state': '*'}, {'x': 4, 'y': 3, 'state': '$'}]",1,5,17,17,17,6,0,0,5,tutorial
6790957096019241f9c4f688,5386-a1803936-00e8-4a4d-b6d9-d23e546091d8,enjoyable,3,1107945,260360.59999990463,1366507,"['  #####', '  #.  #', '###   #', '# $*$ #', '#   ###', '#@ .#', '#####']",7,7,"[{'x': 2, 'y': 3, 'state': '$'}, {'x': 3, 'y': 3, 'state': '*'}, {'x': 4, 'y': 3, 'state': '$'}]",1,5,527,513,330,52,9,5,5,tutorial
6790957196019241f9c4f6ad,6107-d9b5183c-75d8-4622-ba47-4f3bf37b8fa1,enjoyable,1,451784,220357.80000001192,620386,"['######', '#  $.#', '#@ $.#', '#    #', '######']",6,5,"[{'x': 3, 'y': 2, 'state': '$'}, {'x': 3, 'y': 1, 'state': '$'}]",1,2,64,48,27,4,9,7,3,tutorial
6790957196019241f9c4f6b2,9982-be2c1cb0-a3ad-4aee-a857-96666b1dbcf4,enjoyable,1,18542,341364.5,274967,"['######', '#  $.#', '#@ $.#', '#    #', '######']",6,5,"[{'x': 3, 'y': 2, 'state': '$'}, {'x': 3, 'y': 1, 'state': '$'}]",1,2,5,5,5,2,0,0,3,tutorial
6790957196019241f9c4f6b2,9982-be2c1cb0-a3ad-4aee-a857-96666b1dbcf4,enjoyable,2,14307,360212.7999999523,289577,"['######', '#    #', '#*$ @#', '#. ###', '######']",6,5,"[{'x': 1, 'y': 2, 'state': '*'}, {'x': 2, 'y': 2, 'state': '$'}]",4,2,12,12,10,2,0,0,4,tutorial
6790957196019241f9c4f6ad,6107-d9b5183c-75d8-4622-ba47-4f3bf37b8fa1,enjoyable,2,48673,672464.1000000238,669371,"['######', '#    #', '#*$ @#', '#. ###', '######']",6,5,"[{'x': 1, 'y': 2, 'state': '*'}, {'x': 2, 'y': 2, 'state': '$'}]",4,2,17,16,15,3,1,0,4,tutorial
6790957196019241f9c4f6b2,9982-be2c1cb0-a3ad-4aee-a857-96666b1dbcf4,enjoyable,3,42854,374821.7999999523,332734,"['  #####', '  #.  #', '###   #', '# $*$ #', '#   ###', '#@ .#', '#####']",7,7,"[{'x': 2, 'y': 3, 'state': '$'}, {'x': 3, 'y': 3, 'state': '*'}, {'x': 4, 'y': 3, 'state': '$'}]",1,5,26,25,25,8,1,0,5,tutorial
6790957196019241f9c4f6bb,4320-34b2d3ab-163c-452c-acc6-552acf4a5cef,difficult,1,19507,299197.59999999404,308822,"['######', '#  $.#', '#@ $.#', '#    #', '######']",6,5,"[{'x': 3, 'y': 2, 'state': '$'}, {'x': 3, 'y': 1, 'state': '$'}]",1,2,6,6,6,2,0,0,3,tutorial
6790957196019241f9c4f6bb,4320-34b2d3ab-163c-452c-acc6-552acf4a5cef,difficult,2,30731,319037.3999999985,339873,"['######', '#    #', '#*$ @#', '#. ###', '######']",6,5,"[{'x': 1, 'y': 2, 'state': '*'}, {'x': 2, 'y': 2, 'state': '$'}]",4,2,10,10,10,2,0,0,4,tutorial
6790957196019241f9c4f6ad,6107-d9b5183c-75d8-4622-ba47-4f3bf37b8fa1,enjoyable,3,99243,721443.0,768929,"['  #####', '  #.  #', '###   #', '# $*$ #', '#   ###', '#@ .#', '#####']",7,7,"[{'x': 2, 'y': 3, 'state': '$'}, {'x': 3, 'y': 3, 'state': '*'}, {'x': 4, 'y': 3, 'state': '$'}]",1,5,37,36,34,9,1,0,5,tutorial
6790957196019241f9c4f6bb,4320-34b2d3ab-163c-452c-acc6-552acf4a5cef,difficult,3,37805,350092.69999999553,378000,"['  #####', '  #.  #', '###   #', '# $*$ #', '#   ###', '#@ .#', '#####']",7,7,"[{'x': 2, 'y': 3, 'state': '$'}, {'x': 3, 'y': 3, 'state': '*'}, {'x': 4, 'y': 3, 'state': '$'}]",1,5,17,17,17,6,0,0,5,tutorial
6790957196019241f9c4f6c4,4613-f9dba5c9-b832-42d5-a7f2-150af595c640,difficult,1,13424,64626.90000009537,76409,"['######', '#  $.#', '#@ $.#', '#    #', '######']",6,5,"[{'x': 3, 'y': 2, 'state': '$'}, {'x': 3, 'y': 1, 'state': '$'}]",1,2,6,6,6,2,0,0,3,tutorial
6790957196019241f9c4f6c4,4613-f9dba5c9-b832-42d5-a7f2-150af595c640,difficult,2,21756,78355.30000019073,98467,"['######', '#    #', '#*$ @#', '#. ###', '######']",6,5,"[{'x': 1, 'y': 2, 'state': '*'}, {'x': 2, 'y': 2, 'state': '$'}]",4,2,11,11,10,2,0,0,4,tutorial
6790957196019241f9c4f6c4,4613-f9dba5c9-b832-42d5-a7f2-150af595c640,difficult,3,84483,100413.90000009537,183265,"['  #####', '  #.  #', '###   #', '# $*$ #', '#   ###', '#@ .#', '#####']",7,7,"[{'x': 2, 'y': 3, 'state': '$'}, {'x': 3, 'y': 3, 'state': '*'}, {'x': 4, 'y': 3, 'state': '$'}]",1,5,22,22,19,6,0,0,5,tutorial
6790957196019241f9c4f6c2,5997-2f89a1e4-e916-4927-b48d-8cdc44be580f,difficult,1,50867,1343522.9000000358,1392974,"['######', '#  $.#', '#@ $.#', '#    #', '######']",6,5,"[{'x': 3, 'y': 2, 'state': '$'}, {'x': 3, 'y': 1, 'state': '$'}]",1,2,5,5,5,2,0,0,3,tutorial
6790957196019241f9c4f6c2,5997-2f89a1e4-e916-4927-b48d-8cdc44be580f,difficult,2,18057,1394695.1000000238,1411341,"['######', '#    #', '#*$ @#', '#. ###', '######']",6,5,"[{'x': 1, 'y': 2, 'state': '*'}, {'x': 2, 'y': 2, 'state': '$'}]",4,2,10,10,10,2,0,0,4,tutorial
6790957196019241f9c4f6c2,5997-2f89a1e4-e916-4927-b48d-8cdc44be580f,difficult,3,51224,1413061.699999988,1462879,"['  #####', '  #.  #', '###   #', '# $*$ #', '#   ###', '#@ .#', '#####']",7,7,"[{'x': 2, 'y': 3, 'state': '$'}, {'x': 3, 'y': 3, 'state': '*'}, {'x': 4, 'y': 3, 'state': '$'}]",1,5,41,35,35,9,0,6,5,tutorial
6790957196019241f9c4f6c6,0205-32ac6d6a-69d0-4a63-a1bb-01bd6f93e547,difficult,1,11225,33891.5,36517,"['######', '#  $.#', '#@ $.#', '#    #', '######']",6,5,"[{'x': 3, 'y': 2, 'state': '$'}, {'x': 3, 'y': 1, 'state': '$'}]",1,2,6,6,6,2,0,0,3,tutorial
6790957196019241f9c4f6c6,0205-32ac6d6a-69d0-4a63-a1bb-01bd6f93e547,difficult,2,10877,45423.5,47700,"['######', '#    #', '#*$ @#', '#. ###', '######']",6,5,"[{'x': 1, 'y': 2, 'state': '*'}, {'x': 2, 'y': 2, 'state': '$'}]",4,2,10,10,10,2,0,0,4,tutorial
6790957196019241f9c4f6c6,0205-32ac6d6a-69d0-4a63-a1bb-01bd6f93e547,difficult,3,24829,56607.0,72837,"['  #####', '  #.  #', '###   #', '# $*$ #', '#   ###', '#@ .#', '#####']",7,7,"[{'x': 2, 'y': 3, 'state': '$'}, {'x': 3, 'y': 3, 'state': '*'}, {'x': 4, 'y': 3, 'state': '$'}]",1,5,22,22,19,6,0,0,5,tutorial
6790957296019241f9c4f6d6,9674-f5a1b9b2-56f2-49a9-9020-0bee8cd506b4,enjoyable,1,8550,31201.900000002235,37973,"['######', '#  $.#', '#@ $.#', '#    #', '######']",6,5,"[{'x': 3, 'y': 2, 'state': '$'}, {'x': 3, 'y': 1, 'state': '$'}]",1,2,5,5,5,2,0,0,3,tutorial
6790957296019241f9c4f6d6,9674-f5a1b9b2-56f2-49a9-9020-0bee8cd506b4,enjoyable,2,20454,40061.300000000745,58729,"['######', '#    #', '#*$ @#', '#. ###', '######']",6,5,"[{'x': 1, 'y': 2, 'state': '*'}, {'x': 2, 'y': 2, 'state': '$'}]",4,2,25,24,19,4,1,0,4,tutorial
6790957296019241f9c4f6d6,9674-f5a1b9b2-56f2-49a9-9020-0bee8cd506b4,enjoyable,3,13825,60817.699999999255,72858,"['  #####', '  #.  #', '###   #', '# $*$ #', '#   ###', '#@ .#', '#####']",7,7,"[{'x': 2, 'y': 3, 'state': '$'}, {'x': 3, 'y': 3, 'state': '*'}, {'x': 4, 'y': 3, 'state': '$'}]",1,5,21,21,17,6,0,0,5,tutorial
6790957496019241f9c4f72a,6385-30c3fdd7-9a9c-45ea-b3b8-342cf5df12db,enjoyable,1,12997,45438.0,56216,"['######', '#  $.#', '#@ $.#', '#    #', '######']",6,5,"[{'x': 3, 'y': 2, 'state': '$'}, {'x': 3, 'y': 1, 'state': '$'}]",1,2,5,5,5,2,0,0,3,tutorial
6790957396019241f9c4f71d,6726-229a5595-140c-4b05-a250-527041ba8438,enjoyable,1,16727,58227.09999996424,73842,"['######', '#  $.#', '#@ $.#', '#    #', '######']",6,5,"[{'x': 3, 'y': 2, 'state': '$'}, {'x': 3, 'y': 1, 'state': '$'}]",1,2,7,7,7,2,0,0,3,tutorial
6790957396019241f9c4f716,8327-7b5628b8-8d46-4864-a277-8e0ab606485f,difficult,1,28205,5688362.0,5704750,"['######', '#  $.#', '#@ $.#', '#    #', '######']",6,5,"[{'x': 3, 'y': 2, 'state': '$'}, {'x': 3, 'y': 1, 'state': '$'}]",1,2,10,10,9,2,0,0,3,tutorial
6790957396019241f9c4f716,8327-7b5628b8-8d46-4864-a277-8e0ab606485f,difficult,2,19921,5716881.0,5724979,"['######', '#    #', '#*$ @#', '#. ###', '######']",6,5,"[{'x': 1, 'y': 2, 'state': '*'}, {'x': 2, 'y': 2, 'state': '$'}]",4,2,18,18,14,2,0,0,4,tutorial
6790957396019241f9c4f71d,6726-229a5595-140c-4b05-a250-527041ba8438,enjoyable,2,26242,75265.79999995232,100393,"['######', '#    #', '#*$ @#', '#. ###', '######']",6,5,"[{'x': 1, 'y': 2, 'state': '*'}, {'x': 2, 'y': 2, 'state': '$'}]",4,2,20,19,18,4,1,0,4,tutorial
6790957496019241f9c4f72a,6385-30c3fdd7-9a9c-45ea-b3b8-342cf5df12db,enjoyable,2,36984,58746.7000002861,93510,"['######', '#    #', '#*$ @#', '#. ###', '######']",6,5,"[{'x': 1, 'y': 2, 'state': '*'}, {'x': 2, 'y': 2, 'state': '$'}]",4,2,31,29,25,5,2,0,4,tutorial
6790957396019241f9c4f716,8327-7b5628b8-8d46-4864-a277-8e0ab606485f,difficult,3,16184,5737108.0,5741472,"['  #####', '  #.  #', '###   #', '# $*$ #', '#   ###', '#@ .#', '#####']",7,7,"[{'x': 2, 'y': 3, 'state': '$'}, {'x': 3, 'y': 3, 'state': '*'}, {'x': 4, 'y': 3, 'state': '$'}]",1,5,21,21,19,6,0,0,5,tutorial
6790957496019241f9c4f72a,6385-30c3fdd7-9a9c-45ea-b3b8-342cf5df12db,enjoyable,3,14706,96041.10000038147,108526,"['  #####', '  #.  #', '###   #', '# $*$ #', '#   ###', '#@ .#', '#####']",7,7,"[{'x': 2, 'y': 3, 'state': '$'}, {'x': 3, 'y': 3, 'state': '*'}, {'x': 4, 'y': 3, 'state': '$'}]",1,5,18,18,17,6,0,0,5,tutorial
6790957396019241f9c4f71d,6726-229a5595-140c-4b05-a250-527041ba8438,enjoyable,3,39382,101818.0,140087,"['  #####', '  #.  #', '###   #', '# $*$ #', '#   ###', '#@ .#', '#####']",7,7,"[{'x': 2, 'y': 3, 'state': '$'}, {'x': 3, 'y': 3, 'state': '*'}, {'x': 4, 'y': 3, 'state': '$'}]",1,5,38,37,34,11,1,0,5,tutorial
6790957396019241f9c4f716,6556-a49658f3-8b37-4f5f-9863-94f9a8c468f3,difficult,1,22727,138006.60000002384,156082,"['######', '#  $.#', '#@ $.#', '#    #', '######']",6,5,"[{'x': 3, 'y': 2, 'state': '$'}, {'x': 3, 'y': 1, 'state': '$'}]",1,2,5,5,5,2,0,0,3,tutorial
6790957396019241f9c4f716,6556-a49658f3-8b37-4f5f-9863-94f9a8c468f3,difficult,2,41525,161046.30000001192,197911,"['######', '#    #', '#*$ @#', '#. ###', '######']",6,5,"[{'x': 1, 'y': 2, 'state': '*'}, {'x': 2, 'y': 2, 'state': '$'}]",4,2,14,14,12,2,0,0,4,tutorial
6790957496019241f9c4f741,4454-39e0e136-384c-49ea-96f5-cd7b343d3617,enjoyable,1,27057,152235.30000001192,174382,"['######', '#  $.#', '#@ $.#', '#    #', '######']",6,5,"[{'x': 3, 'y': 2, 'state': '$'}, {'x': 3, 'y': 1, 'state': '$'}]",1,2,5,5,5,2,0,0,3,tutorial
6790957496019241f9c4f741,4454-39e0e136-384c-49ea-96f5-cd7b343d3617,enjoyable,2,18121,179594.69999998808,192810,"['######', '#    #', '#*$ @#', '#. ###', '######']",6,5,"[{'x': 1, 'y': 2, 'state': '*'}, {'x': 2, 'y': 2, 'state': '$'}]",4,2,10,10,10,2,0,0,4,tutorial
6790957496019241f9c4f74d,8806-ad56c7bb-98f4-4c4b-a048-007091bfc605,enjoyable,1,23569,17479.0,35521,"['######', '#  $.#', '#@ $.#', '#    #', '######']",6,5,"[{'x': 3, 'y': 2, 'state': '$'}, {'x': 3, 'y': 1, 'state': '$'}]",1,2,10,10,9,2,0,0,3,tutorial
6790957496019241f9c4f742,5184-437d1924-fc3a-4596-b4db-6ec6abcf9910,enjoyable,1,74471,131926.60000002384,203027,"['######', '#  $.#', '#@ $.#', '#    #', '######']",6,5,"[{'x': 3, 'y': 2, 'state': '$'}, {'x': 3, 'y': 1, 'state': '$'}]",1,2,6,5,5,2,1,0,3,tutorial
6790957496019241f9c4f741,4454-39e0e136-384c-49ea-96f5-cd7b343d3617,enjoyable,3,27596,198022.80000001192,220708,"['  #####', '  #.  #', '###   #', '# $*$ #', '#   ###', '#@ .#', '#####']",7,7,"[{'x': 2, 'y': 3, 'state': '$'}, {'x': 3, 'y': 3, 'state': '*'}, {'x': 4, 'y': 3, 'state': '$'}]",1,5,17,17,17,6,0,0,5,tutorial
6790957496019241f9c4f74d,8806-ad56c7bb-98f4-4c4b-a048-007091bfc605,enjoyable,2,30065,41375.0,65912,"['######', '#    #', '#*$ @#', '#. ###', '######']",6,5,"[{'x': 1, 'y': 2, 'state': '*'}, {'x': 2, 'y': 2, 'state': '$'}]",4,2,21,16,15,4,0,5,4,tutorial
6790957496019241f9c4f742,5184-437d1924-fc3a-4596-b4db-6ec6abcf9910,enjoyable,2,27379,206705.0,230712,"['######', '#    #', '#*$ @#', '#. ###', '######']",6,5,"[{'x': 1, 'y': 2, 'state': '*'}, {'x': 2, 'y': 2, 'state': '$'}]",4,2,18,14,14,3,0,4,4,tutorial
6790957396019241f9c4f716,6556-a49658f3-8b37-4f5f-9863-94f9a8c468f3,difficult,3,70284,202874.69999998808,268504,"['  #####', '  #.  #', '###   #', '# $*$ #', '#   ###', '#@ .#', '#####']",7,7,"[{'x': 2, 'y': 3, 'state': '$'}, {'x': 3, 'y': 3, 'state': '*'}, {'x': 4, 'y': 3, 'state': '$'}]",1,5,17,17,17,6,0,0,5,tutorial
6790957496019241f9c4f74d,8806-ad56c7bb-98f4-4c4b-a048-007091bfc605,enjoyable,3,21316,71768.09999999404,87546,"['  #####', '  #.  #', '###   #', '# $*$ #', '#   ###', '#@ .#', '#####']",7,7,"[{'x': 2, 'y': 3, 'state': '$'}, {'x': 3, 'y': 3, 'state': '*'}, {'x': 4, 'y': 3, 'state': '$'}]",1,5,22,22,19,6,0,0,5,tutorial
6790957496019241f9c4f742,5184-437d1924-fc3a-4596-b4db-6ec6abcf9910,enjoyable,3,32749,234388.30000001192,263765,"['  #####', '  #.  #', '###   #', '# $*$ #', '#   ###', '#@ .#', '#####']",7,7,"[{'x': 2, 'y': 3, 'state': '$'}, {'x': 3, 'y': 3, 'state': '*'}, {'x': 4, 'y': 3, 'state': '$'}]",1,5,17,17,17,6,0,0,5,tutorial
6790957496019241f9c4f745,1233-d9bc4cbc-7cce-4e59-9507-7ebdb5de3a94,enjoyable,1,36201,266121.2999999998,292588,"['######', '#  $.#', '#@ $.#', '#    #', '######']",6,5,"[{'x': 3, 'y': 2, 'state': '$'}, {'x': 3, 'y': 1, 'state': '$'}]",1,2,7,7,6,2,0,0,3,tutorial
6790957496019241f9c4f745,1233-d9bc4cbc-7cce-4e59-9507-7ebdb5de3a94,enjoyable,2,30789,302643.0999999996,323688,"['######', '#    #', '#*$ @#', '#. ###', '######']",6,5,"[{'x': 1, 'y': 2, 'state': '*'}, {'x': 2, 'y': 2, 'state': '$'}]",4,2,10,10,10,2,0,0,4,tutorial
6790957496019241f9c4f745,1233-d9bc4cbc-7cce-4e59-9507-7ebdb5de3a94,enjoyable,3,78137,333743.5999999996,402145,"['  #####', '  #.  #', '###   #', '# $*$ #', '#   ###', '#@ .#', '#####']",7,7,"[{'x': 2, 'y': 3, 'state': '$'}, {'x': 3, 'y': 3, 'state': '*'}, {'x': 4, 'y': 3, 'state': '$'}]",1,5,17,17,17,6,0,0,5,tutorial
6790957496019241f9c4f74c,1082-571517d3-f06d-4b2c-8f94-09dd66faaecb,enjoyable,1,307233,362935.5,663570,"['######', '#  $.#', '#@ $.#', '#    #', '######']",6,5,"[{'x': 3, 'y': 2, 'state': '$'}, {'x': 3, 'y': 1, 'state': '$'}]",1,2,16,11,9,2,3,2,3,tutorial
6790957496019241f9c4f74c,1082-571517d3-f06d-4b2c-8f94-09dd66faaecb,enjoyable,2,339605,670501.3000000003,1003514,"['######', '#    #', '#*$ @#', '#. ###', '######']",6,5,"[{'x': 1, 'y': 2, 'state': '*'}, {'x': 2, 'y': 2, 'state': '$'}]",4,2,137,104,28,7,19,14,4,tutorial
6790957096019241f9c4f685,8714-778533d7-9af8-4c52-815c-88db1f66c633,enjoyable,1,65090,110180.60000002384,170807,"['######', '#  $.#', '#@ $.#', '#    #', '######']",6,5,"[{'x': 3, 'y': 2, 'state': '$'}, {'x': 3, 'y': 1, 'state': '$'}]",1,2,7,7,5,2,0,0,3,tutorial
6790957096019241f9c4f685,8714-778533d7-9af8-4c52-815c-88db1f66c633,enjoyable,2,32506,175596.89999997616,203629,"['######', '#    #', '#*$ @#', '#. ###', '######']",6,5,"[{'x': 1, 'y': 2, 'state': '*'}, {'x': 2, 'y': 2, 'state': '$'}]",4,2,10,10,10,2,0,0,4,tutorial
6790957096019241f9c4f685,8714-778533d7-9af8-4c52-815c-88db1f66c633,enjoyable,3,52559,208423.79999995232,256506,"['  #####', '  #.  #', '###   #', '# $*$ #', '#   ###', '#@ .#', '#####']",7,7,"[{'x': 2, 'y': 3, 'state': '$'}, {'x': 3, 'y': 3, 'state': '*'}, {'x': 4, 'y': 3, 'state': '$'}]",1,5,17,17,17,6,0,0,5,tutorial
6790957196019241f9c4f6ba,9012-e52b00f0-0338-4309-91b6-d5f319405d5d,difficult,1,19873,40179.09999990463,50773,"['######', '#  $.#', '#@ $.#', '#    #', '######']",6,5,"[{'x': 3, 'y': 2, 'state': '$'}, {'x': 3, 'y': 1, 'state': '$'}]",1,2,7,7,7,2,0,0,3,tutorial
6790957196019241f9c4f6ba,9012-e52b00f0-0338-4309-91b6-d5f319405d5d,difficult,2,22979,60398.699999928474,74079,"['######', '#    #', '#*$ @#', '#. ###', '######']",6,5,"[{'x': 1, 'y': 2, 'state': '*'}, {'x': 2, 'y': 2, 'state': '$'}]",4,2,11,11,10,2,0,0,4,tutorial
6790957496019241f9c4f74c,1082-571517d3-f06d-4b2c-8f94-09dd66faaecb,enjoyable,3,467266,1010450.2999999998,1471114,"['  #####', '  #.  #', '###   #', '# $*$ #', '#   ###', '#@ .#', '#####']",7,7,"[{'x': 2, 'y': 3, 'state': '$'}, {'x': 3, 'y': 3, 'state': '*'}, {'x': 4, 'y': 3, 'state': '$'}]",1,5,176,161,85,22,6,9,5,tutorial
6790957196019241f9c4f6c9,8064-35b68e26-0752-437f-8c8e-82e1e3a0e4a1,enjoyable,1,34374,154484.9,180831,"['######', '#  $.#', '#@ $.#', '#    #', '######']",6,5,"[{'x': 3, 'y': 2, 'state': '$'}, {'x': 3, 'y': 1, 'state': '$'}]",1,2,5,5,5,2,0,0,3,tutorial
6790957196019241f9c4f6c9,8064-35b68e26-0752-437f-8c8e-82e1e3a0e4a1,enjoyable,2,57939,189175.1,239082,"['######', '#    #', '#*$ @#', '#. ###', '######']",6,5,"[{'x': 1, 'y': 2, 'state': '*'}, {'x': 2, 'y': 2, 'state': '$'}]",4,2,21,16,15,3,1,4,4,tutorial
6790957196019241f9c4f6c9,8064-35b68e26-0752-437f-8c8e-82e1e3a0e4a1,enjoyable,3,82013,247420.40000000002,321401,"['  #####', '  #.  #', '###   #', '# $*$ #', '#   ###', '#@ .#', '#####']",7,7,"[{'x': 2, 'y': 3, 'state': '$'}, {'x': 3, 'y': 3, 'state': '*'}, {'x': 4, 'y': 3, 'state': '$'}]",1,5,36,35,34,11,1,0,5,tutorial
6790957396019241f9c4f701,6825-3b966c01-403f-4722-895f-b6567ebbaca9,enjoyable,1,15997,201971.70000000298,125602,"['######', '#  $.#', '#@ $.#', '#    #', '######']",6,5,"[{'x': 3, 'y': 2, 'state': '$'}, {'x': 3, 'y': 1, 'state': '$'}]",1,2,6,6,6,2,0,0,3,tutorial
6790957396019241f9c4f701,6825-3b966c01-403f-4722-895f-b6567ebbaca9,enjoyable,2,15176,218274.5,141083,"['######', '#    #', '#*$ @#', '#. ###', '######']",6,5,"[{'x': 1, 'y': 2, 'state': '*'}, {'x': 2, 'y': 2, 'state': '$'}]",4,2,12,11,11,3,0,1,4,tutorial
6790957296019241f9c4f6f9,8520-11953315-a15a-4e69-9755-811a0350e903,enjoyable,1,28436,155073.40000003576,180184,"['######', '#  $.#', '#@ $.#', '#    #', '######']",6,5,"[{'x': 3, 'y': 2, 'state': '$'}, {'x': 3, 'y': 1, 'state': '$'}]",1,2,8,8,5,2,0,0,3,tutorial
6790957396019241f9c4f701,6825-3b966c01-403f-4722-895f-b6567ebbaca9,enjoyable,3,19711,233755.0,161098,"['  #####', '  #.  #', '###   #', '# $*$ #', '#   ###', '#@ .#', '#####']",7,7,"[{'x': 2, 'y': 3, 'state': '$'}, {'x': 3, 'y': 3, 'state': '*'}, {'x': 4, 'y': 3, 'state': '$'}]",1,5,17,17,17,6,0,0,5,tutorial
6790957296019241f9c4f6f9,8520-11953315-a15a-4e69-9755-811a0350e903,enjoyable,2,115679,183819.80000001192,296167,"['######', '#    #', '#*$ @#', '#. ###', '######']",6,5,"[{'x': 1, 'y': 2, 'state': '*'}, {'x': 2, 'y': 2, 'state': '$'}]",4,2,107,69,57,9,2,36,4,tutorial
6790957296019241f9c4f6f9,8520-11953315-a15a-4e69-9755-811a0350e903,enjoyable,3,17993,299809.5,314467,"['  #####', '  #.  #', '###   #', '# $*$ #', '#   ###', '#@ .#', '#####']",7,7,"[{'x': 2, 'y': 3, 'state': '$'}, {'x': 3, 'y': 3, 'state': '*'}, {'x': 4, 'y': 3, 'state': '$'}]",1,5,20,20,17,6,0,0,5,tutorial
6790957396019241f9c4f716,9454-1177facb-ffea-4eb3-8976-0e857f5cfff9,difficult,1,9656,31168.699999999953,31754,"['######', '#  $.#', '#@ $.#', '#    #', '######']",6,5,"[{'x': 3, 'y': 2, 'state': '$'}, {'x': 3, 'y': 1, 'state': '$'}]",1,2,8,8,7,2,0,0,3,tutorial
6790957396019241f9c4f716,9454-1177facb-ffea-4eb3-8976-0e857f5cfff9,difficult,2,22251,41132.69999999995,54315,"['######', '#    #', '#*$ @#', '#. ###', '######']",6,5,"[{'x': 1, 'y': 2, 'state': '*'}, {'x': 2, 'y': 2, 'state': '$'}]",4,2,11,11,10,2,0,0,4,tutorial
6790957396019241f9c4f716,9454-1177facb-ffea-4eb3-8976-0e857f5cfff9,difficult,3,17770,63694.0,72392,"['  #####', '  #.  #', '###   #', '# $*$ #', '#   ###', '#@ .#', '#####']",7,7,"[{'x': 2, 'y': 3, 'state': '$'}, {'x': 3, 'y': 3, 'state': '*'}, {'x': 4, 'y': 3, 'state': '$'}]",1,5,21,21,19,6,0,0,5,tutorial
6790956f96019241f9c4f67c,5125-f3a86c0a-f978-4b65-82b3-dd7b305bd2dd,enjoyable,1,29009,130735.39999997616,142106,"['######', '#  $.#', '#@ $.#', '#    #', '######']",6,5,"[{'x': 3, 'y': 2, 'state': '$'}, {'x': 3, 'y': 1, 'state': '$'}]",1,2,6,6,6,2,0,0,3,tutorial
6790956f96019241f9c4f67c,5125-f3a86c0a-f978-4b65-82b3-dd7b305bd2dd,enjoyable,2,18879,160067.0,161298,"['######', '#    #', '#*$ @#', '#. ###', '######']",6,5,"[{'x': 1, 'y': 2, 'state': '*'}, {'x': 2, 'y': 2, 'state': '$'}]",4,2,10,10,10,2,0,0,4,tutorial
6790957496019241f9c4f72a,2754-0a5a55ac-bf4d-4f31-93f8-d432b635961e,enjoyable,1,62825,114941.79999999981,163885,"['######', '#  $.#', '#@ $.#', '#    #', '######']",6,5,"[{'x': 3, 'y': 2, 'state': '$'}, {'x': 3, 'y': 1, 'state': '$'}]",1,2,24,15,14,5,2,7,3,tutorial
6790957096019241f9c4f685,8193-3867fc50-92bf-4ac9-b5aa-f492690f8735,enjoyable,1,37097,215677.70000001788,246858,"['######', '#  $.#', '#@ $.#', '#    #', '######']",6,5,"[{'x': 3, 'y': 2, 'state': '$'}, {'x': 3, 'y': 1, 'state': '$'}]",1,2,6,6,5,2,0,0,3,tutorial
6790957496019241f9c4f72a,2754-0a5a55ac-bf4d-4f31-93f8-d432b635961e,enjoyable,2,34134,178094.59999999963,198342,"['######', '#    #', '#*$ @#', '#. ###', '######']",6,5,"[{'x': 1, 'y': 2, 'state': '*'}, {'x': 2, 'y': 2, 'state': '$'}]",4,2,24,23,19,3,1,0,4,tutorial
6790957096019241f9c4f685,8193-3867fc50-92bf-4ac9-b5aa-f492690f8735,enjoyable,2,45377,253094.60000002384,292548,"['######', '#    #', '#*$ @#', '#. ###', '######']",6,5,"[{'x': 1, 'y': 2, 'state': '*'}, {'x': 2, 'y': 2, 'state': '$'}]",4,2,22,21,16,3,1,0,4,tutorial
6790956f96019241f9c4f67c,5125-f3a86c0a-f978-4b65-82b3-dd7b305bd2dd,enjoyable,3,200818,179258.0,362434,"['  #####', '  #.  #', '###   #', '# $*$ #', '#   ###', '#@ .#', '#####']",7,7,"[{'x': 2, 'y': 3, 'state': '$'}, {'x': 3, 'y': 3, 'state': '*'}, {'x': 4, 'y': 3, 'state': '$'}]",1,5,54,49,46,15,2,3,5,tutorial
6790957096019241f9c4f685,8193-3867fc50-92bf-4ac9-b5aa-f492690f8735,enjoyable,3,41548,298782.90000000596,334407,"['  #####', '  #.  #', '###   #', '# $*$ #', '#   ###', '#@ .#', '#####']",7,7,"[{'x': 2, 'y': 3, 'state': '$'}, {'x': 3, 'y': 3, 'state': '*'}, {'x': 4, 'y': 3, 'state': '$'}]",1,5,17,17,17,6,0,0,5,tutorial
6790957396019241f9c4f727,1866-6e385ff2-3900-4bc2-86ca-02b1f7c45351,enjoyable,1,133227,202984.19999998808,319083,"['######', '#  $.#', '#@ $.#', '#    #', '######']",6,5,"[{'x': 3, 'y': 2, 'state': '$'}, {'x': 3, 'y': 1, 'state': '$'}]",1,2,38,37,33,7,1,0,3,tutorial
6790957496019241f9c4f72a,2754-0a5a55ac-bf4d-4f31-93f8-d432b635961e,enjoyable,3,123798,212539.59999999963,322461,"['  #####', '  #.  #', '###   #', '# $*$ #', '#   ###', '#@ .#', '#####']",7,7,"[{'x': 2, 'y': 3, 'state': '$'}, {'x': 3, 'y': 3, 'state': '*'}, {'x': 4, 'y': 3, 'state': '$'}]",1,5,75,64,57,16,3,8,5,tutorial
6790957496019241f9c4f747,6411-0f9e2a95-a9ec-4d8a-81c0-5adc39265e8d,enjoyable,1,51613,343245.5,313783,"['######', '#  $.#', '#@ $.#', '#    #', '######']",6,5,"[{'x': 3, 'y': 2, 'state': '$'}, {'x': 3, 'y': 1, 'state': '$'}]",1,2,7,7,7,2,0,0,3,tutorial
6790957496019241f9c4f747,6411-0f9e2a95-a9ec-4d8a-81c0-5adc39265e8d,enjoyable,2,46487,395170.39999997616,360588,"['######', '#    #', '#*$ @#', '#. ###', '######']",6,5,"[{'x': 1, 'y': 2, 'state': '*'}, {'x': 2, 'y': 2, 'state': '$'}]",4,2,13,12,11,3,0,1,4,tutorial
6790957396019241f9c4f727,1866-6e385ff2-3900-4bc2-86ca-02b1f7c45351,enjoyable,2,158297,336520.5,477693,"['######', '#    #', '#*$ @#', '#. ###', '######']",6,5,"[{'x': 1, 'y': 2, 'state': '*'}, {'x': 2, 'y': 2, 'state': '$'}]",4,2,24,19,16,5,1,4,4,tutorial
6790957496019241f9c4f747,6411-0f9e2a95-a9ec-4d8a-81c0-5adc39265e8d,enjoyable,3,86859,441975.89999997616,447756,"['  #####', '  #.  #', '###   #', '# $*$ #', '#   ###', '#@ .#', '#####']",7,7,"[{'x': 2, 'y': 3, 'state': '$'}, {'x': 3, 'y': 3, 'state': '*'}, {'x': 4, 'y': 3, 'state': '$'}]",1,5,29,28,28,7,0,1,5,tutorial
6790956f96019241f9c4f67c,2372-cf115fcd-7fa5-4ae9-acb7-f0a1422e402d,enjoyable,1,29475,268295.7000000477,281253,"['######', '#  $.#', '#@ $.#', '#    #', '######']",6,5,"[{'x': 3, 'y': 2, 'state': '$'}, {'x': 3, 'y': 1, 'state': '$'}]",1,2,5,5,5,2,0,0,3,tutorial
6790956f96019241f9c4f67c,2372-cf115fcd-7fa5-4ae9-acb7-f0a1422e402d,enjoyable,2,43327,298105.0,324899,"['######', '#    #', '#*$ @#', '#. ###', '######']",6,5,"[{'x': 1, 'y': 2, 'state': '*'}, {'x': 2, 'y': 2, 'state': '$'}]",4,2,19,16,13,3,0,3,4,tutorial
6790956f96019241f9c4f67c,2372-cf115fcd-7fa5-4ae9-acb7-f0a1422e402d,enjoyable,3,99714,341745.8000000715,424937,"['  #####', '  #.  #', '###   #', '# $*$ #', '#   ###', '#@ .#', '#####']",7,7,"[{'x': 2, 'y': 3, 'state': '$'}, {'x': 3, 'y': 3, 'state': '*'}, {'x': 4, 'y': 3, 'state': '$'}]",1,5,49,45,43,9,0,4,5,tutorial
6790957496019241f9c4f74d,9011-c543194d-2d8e-4726-88dd-f0adda0814e2,enjoyable,1,31821,1143988.7999999523,1159985,"['######', '#  $.#', '#@ $.#', '#    #', '######']",6,5,"[{'x': 3, 'y': 2, 'state': '$'}, {'x': 3, 'y': 1, 'state': '$'}]",1,2,10,10,7,2,0,0,3,tutorial
6790957496019241f9c4f74d,9011-c543194d-2d8e-4726-88dd-f0adda0814e2,enjoyable,2,19253,1176114.8999999762,1179542,"['######', '#    #', '#*$ @#', '#. ###', '######']",6,5,"[{'x': 1, 'y': 2, 'state': '*'}, {'x': 2, 'y': 2, 'state': '$'}]",4,2,12,12,10,2,0,0,4,tutorial
6790957496019241f9c4f74d,9011-c543194d-2d8e-4726-88dd-f0adda0814e2,enjoyable,3,31027,1195671.7000000477,1210873,"['  #####', '  #.  #', '###   #', '# $*$ #', '#   ###', '#@ .#', '#####']",7,7,"[{'x': 2, 'y': 3, 'state': '$'}, {'x': 3, 'y': 3, 'state': '*'}, {'x': 4, 'y': 3, 'state': '$'}]",1,5,20,20,17,6,0,0,5,tutorial
6790957396019241f9c4f727,1866-6e385ff2-3900-4bc2-86ca-02b1f7c45351,enjoyable,3,1003589,495129.0,1481596,"['  #####', '  #.  #', '###   #', '# $*$ #', '#   ###', '#@ .#', '#####']",7,7,"[{'x': 2, 'y': 3, 'state': '$'}, {'x': 3, 'y': 3, 'state': '*'}, {'x': 4, 'y': 3, 'state': '$'}]",1,5,592,361,279,47,8,223,5,tutorial
6790957096019241f9c4f685,7391-a012682e-dc9f-4675-9b59-b3b21e309409,enjoyable,1,32300,1391554.699999988,1408621,"['######', '#  $.#', '#@ $.#', '#    #', '######']",6,5,"[{'x': 3, 'y': 2, 'state': '$'}, {'x': 3, 'y': 1, 'state': '$'}]",1,2,5,5,5,2,0,0,3,tutorial
6790957096019241f9c4f685,7391-a012682e-dc9f-4675-9b59-b3b21e309409,enjoyable,2,186110,1424175.1000000238,1595048,"['######', '#    #', '#*$ @#', '#. ###', '######']",6,5,"[{'x': 1, 'y': 2, 'state': '*'}, {'x': 2, 'y': 2, 'state': '$'}]",4,2,17,17,10,2,0,0,4,tutorial
6790957096019241f9c4f685,7391-a012682e-dc9f-4675-9b59-b3b21e309409,enjoyable,3,33656,1610604.199999988,1629023,"['  #####', '  #.  #', '###   #', '# $*$ #', '#   ###', '#@ .#', '#####']",7,7,"[{'x': 2, 'y': 3, 'state': '$'}, {'x': 3, 'y': 3, 'state': '*'}, {'x': 4, 'y': 3, 'state': '$'}]",1,5,26,25,22,7,0,1,5,tutorial
6790957396019241f9c4f727,1768-039f6e88-b3d9-4efd-b3f6-30180394c8f2,enjoyable,1,54176,193478.90000000596,237739,"['######', '#  $.#', '#@ $.#', '#    #', '######']",6,5,"[{'x': 3, 'y': 2, 'state': '$'}, {'x': 3, 'y': 1, 'state': '$'}]",1,2,11,8,6,2,2,1,3,tutorial
6790957396019241f9c4f727,1768-039f6e88-b3d9-4efd-b3f6-30180394c8f2,enjoyable,2,144069,247957.70000001788,382121,"['######', '#    #', '#*$ @#', '#. ###', '######']",6,5,"[{'x': 1, 'y': 2, 'state': '*'}, {'x': 2, 'y': 2, 'state': '$'}]",4,2,43,39,35,8,3,1,4,tutorial
6790957396019241f9c4f727,1768-039f6e88-b3d9-4efd-b3f6-30180394c8f2,enjoyable,3,36029,392340.90000000596,418455,"['  #####', '  #.  #', '###   #', '# $*$ #', '#   ###', '#@ .#', '#####']",7,7,"[{'x': 2, 'y': 3, 'state': '$'}, {'x': 3, 'y': 3, 'state': '*'}, {'x': 4, 'y': 3, 'state': '$'}]",1,5,21,21,19,6,0,0,5,tutorial
6790957496019241f9c4f72a,2632-296865f3-0de3-4947-b082-4a5f5c51eab0,enjoyable,1,18982,50989.60000002384,67023,"['######', '#  $.#', '#@ $.#', '#    #', '######']",6,5,"[{'x': 3, 'y': 2, 'state': '$'}, {'x': 3, 'y': 1, 'state': '$'}]",1,2,6,6,6,2,0,0,3,tutorial
6790957496019241f9c4f72a,2632-296865f3-0de3-4947-b082-4a5f5c51eab0,enjoyable,2,32493,70287.60000002384,99833,"['######', '#    #', '#*$ @#', '#. ###', '######']",6,5,"[{'x': 1, 'y': 2, 'state': '*'}, {'x': 2, 'y': 2, 'state': '$'}]",4,2,20,19,18,4,1,0,4,tutorial
6790957496019241f9c4f72a,2632-296865f3-0de3-4947-b082-4a5f5c51eab0,enjoyable,3,30535,103097.89999997616,130677,"['  #####', '  #.  #', '###   #', '# $*$ #', '#   ###', '#@ .#', '#####']",7,7,"[{'x': 2, 'y': 3, 'state': '$'}, {'x': 3, 'y': 3, 'state': '*'}, {'x': 4, 'y': 3, 'state': '$'}]",1,5,26,26,23,6,0,0,5,tutorial
6790957496019241f9c4f747,6660-c7d6b7d4-9ec9-47e7-a3ce-ce2c64e1069d,enjoyable,1,9428,291011.40000000596,298282,"['######', '#  $.#', '#@ $.#', '#    #', '######']",6,5,"[{'x': 3, 'y': 2, 'state': '$'}, {'x': 3, 'y': 1, 'state': '$'}]",1,2,6,6,6,2,0,0,3,tutorial
6790957496019241f9c4f747,6660-c7d6b7d4-9ec9-47e7-a3ce-ce2c64e1069d,enjoyable,2,8912,300741.6000000015,307497,"['######', '#    #', '#*$ @#', '#. ###', '######']",6,5,"[{'x': 1, 'y': 2, 'state': '*'}, {'x': 2, 'y': 2, 'state': '$'}]",4,2,10,10,10,2,0,0,4,tutorial
6790957496019241f9c4f747,6660-c7d6b7d4-9ec9-47e7-a3ce-ce2c64e1069d,enjoyable,3,12339,309957.200000003,320138,"['  #####', '  #.  #', '###   #', '# $*$ #', '#   ###', '#@ .#', '#####']",7,7,"[{'x': 2, 'y': 3, 'state': '$'}, {'x': 3, 'y': 3, 'state': '*'}, {'x': 4, 'y': 3, 'state': '$'}]",1,5,18,18,17,6,0,0,5,tutorial
6790956f96019241f9c4f66d,2261-c9bf9cb4-77ef-4f13-bfab-b225af6c592d,difficult,1,9242,42326.40000000596,48204,"['######', '#  $.#', '#@ $.#', '#    #', '######']",6,5,"[{'x': 3, 'y': 2, 'state': '$'}, {'x': 3, 'y': 1, 'state': '$'}]",1,2,5,5,5,2,0,0,3,tutorial
6790957096019241f9c4f69b,0315-b98e3008-2250-4296-a32f-ae456ce0b343,difficult,1,5260,43423.699999999255,47306,"['######', '#  $.#', '#@ $.#', '#    #', '######']",6,5,"[{'x': 3, 'y': 2, 'state': '$'}, {'x': 3, 'y': 1, 'state': '$'}]",1,2,5,5,5,2,0,0,3,tutorial
6790956f96019241f9c4f66d,2261-c9bf9cb4-77ef-4f13-bfab-b225af6c592d,difficult,2,15900,51873.29999999702,64423,"['######', '#    #', '#*$ @#', '#. ###', '######']",6,5,"[{'x': 1, 'y': 2, 'state': '*'}, {'x': 2, 'y': 2, 'state': '$'}]",4,2,15,13,12,3,0,2,4,tutorial
6790956f96019241f9c4f66d,2261-c9bf9cb4-77ef-4f13-bfab-b225af6c592d,difficult,3,14196,68092.70000000298,78923,"['  #####', '  #.  #', '###   #', '# $*$ #', '#   ###', '#@ .#', '#####']",7,7,"[{'x': 2, 'y': 3, 'state': '$'}, {'x': 3, 'y': 3, 'state': '*'}, {'x': 4, 'y': 3, 'state': '$'}]",1,5,17,17,17,6,0,0,5,tutorial
6790957096019241f9c4f69b,0315-b98e3008-2250-4296-a32f-ae456ce0b343,difficult,2,18403,48985.199999999255,66012,"['######', '#    #', '#*$ @#', '#. ###', '######']",6,5,"[{'x': 1, 'y': 2, 'state': '*'}, {'x': 2, 'y': 2, 'state': '$'}]",4,2,20,16,16,4,0,4,4,tutorial
6790957096019241f9c4f69b,0315-b98e3008-2250-4296-a32f-ae456ce0b343,difficult,3,13186,67691.09999999776,79501,"['  #####', '  #.  #', '###   #', '# $*$ #', '#   ###', '#@ .#', '#####']",7,7,"[{'x': 2, 'y': 3, 'state': '$'}, {'x': 3, 'y': 3, 'state': '*'}, {'x': 4, 'y': 3, 'state': '$'}]",1,5,17,17,17,6,0,0,5,tutorial
6790956f96019241f9c4f672,4986-1d2745ba-4156-4117-ab01-acae63bfd1ce,difficult,1,34426,149097.90000003576,182185,"['######', '#  $.#', '#@ $.#', '#    #', '######']",6,5,"[{'x': 3, 'y': 2, 'state': '$'}, {'x': 3, 'y': 1, 'state': '$'}]",1,2,6,5,5,2,1,0,3,tutorial
6790956f96019241f9c4f672,4986-1d2745ba-4156-4117-ab01-acae63bfd1ce,difficult,2,19025,183833.40000003576,201516,"['######', '#    #', '#*$ @#', '#. ###', '######']",6,5,"[{'x': 1, 'y': 2, 'state': '*'}, {'x': 2, 'y': 2, 'state': '$'}]",4,2,10,10,10,2,0,0,4,tutorial
6790956f96019241f9c4f66d,7617-2bb5fde0-d94a-495d-ac2d-f6163137ae6a,difficult,1,17508,127090.5,139995,"['######', '#  $.#', '#@ $.#', '#    #', '######']",6,5,"[{'x': 3, 'y': 2, 'state': '$'}, {'x': 3, 'y': 1, 'state': '$'}]",1,2,5,5,5,2,0,0,3,tutorial
6790956f96019241f9c4f672,4986-1d2745ba-4156-4117-ab01-acae63bfd1ce,difficult,3,35197,203163.5,237017,"['  #####', '  #.  #', '###   #', '# $*$ #', '#   ###', '#@ .#', '#####']",7,7,"[{'x': 2, 'y': 3, 'state': '$'}, {'x': 3, 'y': 3, 'state': '*'}, {'x': 4, 'y': 3, 'state': '$'}]",1,5,17,17,17,6,0,0,5,tutorial
6790956f96019241f9c4f66d,7617-2bb5fde0-d94a-495d-ac2d-f6163137ae6a,difficult,2,32922,144911.20000004768,173227,"['######', '#    #', '#*$ @#', '#. ###', '######']",6,5,"[{'x': 1, 'y': 2, 'state': '*'}, {'x': 2, 'y': 2, 'state': '$'}]",4,2,15,13,12,3,0,2,4,tutorial
6790956f96019241f9c4f66d,7617-2bb5fde0-d94a-495d-ac2d-f6163137ae6a,difficult,3,24820,178143.39999997616,198350,"['  #####', '  #.  #', '###   #', '# $*$ #', '#   ###', '#@ .#', '#####']",7,7,"[{'x': 2, 'y': 3, 'state': '$'}, {'x': 3, 'y': 3, 'state': '*'}, {'x': 4, 'y': 3, 'state': '$'}]",1,5,17,17,17,6,0,0,5,tutorial
6790957396019241f9c4f703,3262-e1cb0006-06ef-4528-b6e2-3ed7cdb7c7cc,difficult,1,49238,245642.89999997616,289972,"['######', '#  $.#', '#@ $.#', '#    #', '######']",6,5,"[{'x': 3, 'y': 2, 'state': '$'}, {'x': 3, 'y': 1, 'state': '$'}]",1,2,40,39,25,5,1,0,3,tutorial
6790957396019241f9c4f703,3262-e1cb0006-06ef-4528-b6e2-3ed7cdb7c7cc,difficult,2,179730,295196.0,470019,"['######', '#    #', '#*$ @#', '#. ###', '######']",6,5,"[{'x': 1, 'y': 2, 'state': '*'}, {'x': 2, 'y': 2, 'state': '$'}]",4,2,34,32,28,5,2,0,4,tutorial
6790957396019241f9c4f703,3262-e1cb0006-06ef-4528-b6e2-3ed7cdb7c7cc,difficult,3,193300,475240.2999999821,663641,"['  #####', '  #.  #', '###   #', '# $*$ #', '#   ###', '#@ .#', '#####']",7,7,"[{'x': 2, 'y': 3, 'state': '$'}, {'x': 3, 'y': 3, 'state': '*'}, {'x': 4, 'y': 3, 'state': '$'}]",1,5,187,162,129,28,6,19,5,tutorial
6790957096019241f9c4f69b,4060-4e2d6705-b31e-47d9-af97-101bf93d1739,difficult,1,38357,102811.69999992847,133377,"['######', '#  $.#', '#@ $.#', '#    #', '######']",6,5,"[{'x': 3, 'y': 2, 'state': '$'}, {'x': 3, 'y': 1, 'state': '$'}]",1,2,6,5,5,2,1,0,3,tutorial
6790957096019241f9c4f69b,4060-4e2d6705-b31e-47d9-af97-101bf93d1739,difficult,2,30361,141485.10000002384,164058,"['######', '#    #', '#*$ @#', '#. ###', '######']",6,5,"[{'x': 1, 'y': 2, 'state': '*'}, {'x': 2, 'y': 2, 'state': '$'}]",4,2,25,19,16,4,0,6,4,tutorial
6790957096019241f9c4f69b,4060-4e2d6705-b31e-47d9-af97-101bf93d1739,difficult,3,18492,172163.5,182859,"['  #####', '  #.  #', '###   #', '# $*$ #', '#   ###', '#@ .#', '#####']",7,7,"[{'x': 2, 'y': 3, 'state': '$'}, {'x': 3, 'y': 3, 'state': '*'}, {'x': 4, 'y': 3, 'state': '$'}]",1,5,17,17,17,6,0,0,5,tutorial
